10 0.5291740314428524 0.9824545098997653 0.5427832454363727 0.9826531037502847 0.5426469791003943 0.9992540673895536 0.529037765106874 0.9990554735390342
13 0.5031042845959833 0.19765879090621122 0.5143334189806553 0.19639482243347148 0.5163457300286115 0.22817692483534108 0.5051165956439395 0.22944089330808082
6 0.5213690271711929 0.4761289210377534 0.5324550261205863 0.47432758893209964 0.5351384302151705 0.5036868144420446 0.5240524312657772 0.5054881465476984
7 0.5105012994917834 0.230317139386196 0.5184253936576938 0.23009141025903834 0.5187182051477702 0.2483651574961602 0.5107941109818598 0.24859088662331788
11 0.5353486032196971 0.3766611426767676 0.5433693576039091 0.3760846707135492 0.5441332267992424 0.39497908775252516 0.5361124724150303 0.3955555597157436
11 0.5174198035037881 0.30209319760101006 0.5254405578880001 0.30151672563779164 0.5262044270833334 0.3204111426767677 0.5181836726991214 0.3209876146399861
11 0.5328059768461103 0.3378476627858999 0.5251735033276664 0.33751351830445403 0.525859900644163 0.3096404959326998 0.5334923741626068 0.3099746404141457
11 0.5496483695575902 0.574289218237885 0.5420149801616864 0.5745838302717174 0.5414097901296526 0.5467074632079874 0.5490431795255564 0.546412851174155
11 0.5529716413378932 0.6548546380611174 0.5453382519419894 0.6551492500949498 0.5447330619099556 0.6272728830312198 0.5523664513058594 0.6269782709973873
11 0.5343257968183361 0.6739324617689203 0.5415460837787553 0.6738691323990753 0.5416690280670691 0.698788391299173 0.5344487411066499 0.698851720669018
11 0.5381139685747812 0.7916788936451536 0.5455690266283374 0.7916135050904776 0.5456957267992426 0.8172940340909091 0.5382406687456864 0.8173594226455851
11 0.5395544270128233 0.859287450457145 0.5477022448217468 0.8588018455823541 0.5485686274680143 0.8846449980292491 0.5404208096590908 0.88513060290404
11 0.6768742189178615 0.22472350403207147 0.6848600315475709 0.2258752968317258 0.6833338184874413 0.244687401902272 0.675348005857732 0.2435356091026177
11 0.6930432219076634 0.2824388887047506 0.6847360321969698 0.28057133838383835 0.6877523379689044 0.25671879720685886 0.6960595276795982 0.25858634752777104
8 0.5227558024466739 0.06570484627391822 0.5265774108524017 0.06570484627391822 0.5265774108524017 0.07643216811455793 0.5227558024466739 0.07643216811455793
8 0.478505599854035 0.1879963152572109 0.48232720825976294 0.1879963152572109 0.48232720825976294 0.19738272186777067 0.478505599854035 0.19738272186777067
8 0.5084750552463223 0.17458716295641125 0.5118943890830261 0.17458716295641125 0.5118943890830261 0.18558266784306696 0.5084750552463223 0.18558266784306696
8 0.5116932517985141 0.18692358307314696 0.51531372291973 0.18692358307314696 0.51531372291973 0.19765090491378662 0.5116932517985141 0.19765090491378662
8 0.5192539156808865 0.21722826727295405 0.5227240279119868 0.21722826727295405 0.5227240279119868 0.22902832129765777 0.5192539156808865 0.22902832129765777
8 0.5021707117707106 0.1780735425546194 0.5041115278536283 0.1780735425546194 0.5041115278536283 0.18815552565224788 0.5021707117707106 0.18815552565224788
8 0.5042127448913428 0.1819542627184248 0.5063833665559824 0.1819542627184248 0.5063833665559824 0.19195526923906367 0.5042127448913428 0.19195526923906367
8 0.5059200828307538 0.18667818817636783 0.5077780907860623 0.18667818817636783 0.5077780907860623 0.1958650052887236 0.5059200828307538 0.1958650052887236
8 0.5314764332974241 0.2588268193819343 0.5347484957715507 0.2588268193819343 0.5347484957715507 0.26853171216233707 0.5314764332974241 0.26853171216233707
8 0.6619181535127597 0.9417613432959149 0.667209785913319 0.9417613432959149 0.667209785913319 0.9508551115694689 0.6619181535127597 0.9508551115694689
11 0.6500478316361566 0.9571471883889185 0.6597930367392966 0.9549971671191615 0.6634403942504914 0.9843874682238698 0.6536951891473515 0.9865374894936267
8 0.6853193391748156 0.15468503493345087 0.6880358804879311 0.1560418998896108 0.6853529884155241 0.16559095420238013 0.6826364471024086 0.16423408924622018
8 0.6866120289310111 0.17881524371576765 0.6893285702441267 0.18017210867192757 0.6866456781717196 0.18972116298469688 0.6839291368586041 0.18836429802853696
8 0.6895667483737438 0.16084070043914395 0.6922832896868593 0.1621975653953039 0.6896003976144521 0.1717466197080732 0.6868838563013366 0.17038975475191326
