4 0.47164274933156003 0.5523992057495137 0.47090474933156007 0.5035382057495138 0.48512775066843994 0.5031562942504862 0.4858657506684399 0.5520172942504862
10 0.44431399504619007 0.5907330672844262 0.44505999504619015 0.5429130672844262 0.45881100495381 0.543294432715574 0.4580650049538099 0.591114432715574
10 0.4305500036742887 0.3547929608889236 0.42974900367428864 0.30884096088892354 0.4439289963257113 0.3084015391110765 0.44472999632571136 0.35435353911107653
10 0.3904629999055368 0.8116159798990283 0.39036499990553675 0.7907609798990285 0.4255530000944631 0.7904670201009718 0.42565100009446316 0.8113220201009718
10 0.38089600579118676 0.44430642738178666 0.38108600579118673 0.4255364273817867 0.4168249942088132 0.4261795726182133 0.4166349942088132 0.44494957261821333
10 0.39218029034802415 0.7831659028270718 0.39288529034802416 0.7640049028270719 0.4255282096519759 0.7661400971729283 0.42482320965197584 0.7853010971729282
10 0.3992637470125782 0.8562954353280474 0.3995707470125782 0.8372464353280474 0.4310747529874218 0.8381490646719526 0.43076775298742176 0.8571980646719526
10 0.47334899993712687 0.6994058456716526 0.4733799999371268 0.6519658456716527 0.4878490000628731 0.6519826543283475 0.4878180000628731 0.6994226543283474
4 0.39913401443807656 0.6985919704644743 0.4079590144380766 0.6805389704644744 0.4383659855619233 0.7069640295355254 0.4295409855619233 0.7250170295355254
13 0.35895772135800025 0.39174015590086464 0.3630917213580003 0.3331441559008646 0.38062577864199987 0.3353433440991354 0.3764917786419999 0.39393934409913545
4 0.39249799719445017 0.8837016152158029 0.39239799719445023 0.8610246152158031 0.4283350028055497 0.8607428847841971 0.42843500280554975 0.883419884784197
4 0.4332492357728367 0.53717668936519 0.42248023577283667 0.49127968936519006 0.4357612642271633 0.48573981063481 0.44653026422716335 0.5316368106348099
10 0.4005513913722144 0.9532894068340627 0.3921643913722144 0.9353774068340628 0.42260185870808964 0.9100407944033163 0.4309888587080897 0.9279527944033164
10 0.17880275241939425 0.6636698160205029 0.17874875241939422 0.6455388160205029 0.21286374758060583 0.6453581839794971 0.21291774758060586 0.6634891839794971
10 0.39167628594768117 0.7585323451720243 0.3924212859476811 0.7397873451720243 0.42603221405231884 0.7421621548279755 0.4252872140523189 0.7609071548279757
10 0.3819360006408421 0.3942661695915477 0.38186600064084214 0.37575516959154776 0.41597999935915775 0.3755258304084523 0.4160499993591578 0.3940368304084523
10 0.4163961434235111 0.6272109420226908 0.43514814342351105 0.5869459420226908 0.4474058565764891 0.5970945579773089 0.42865385657648913 0.6373595579773089
10 0.4708587525356036 0.3149959295838147 0.4701997525356036 0.2683459295838147 0.4843497474643965 0.2679905704161853 0.48500874746439654 0.3146405704161853
7 0.40874214570782214 0.49268068731493303 0.3991261457078221 0.46384868731493306 0.41013835429217793 0.4573193126850671 0.419754354292178 0.48615131268506706
10 0.13315500510686537 0.664789574012826 0.1328680051068654 0.646586574012826 0.16710499489313466 0.6456269259871736 0.16739199489313464 0.6638299259871736
10 0.030675985009112214 0.670309017659027 0.03039898500911221 0.652138017659027 0.06431101499088777 0.6512189823409731 0.06458801499088779 0.669389982340973
4 0.6167143677626102 0.7554636832615649 0.6063474700425636 0.7013812936795096 0.6198076104605688 0.6967943859357495 0.6301745081806154 0.7508767755178047
1 0.43575200125968827 0.8936430462046553 0.4344890012596883 0.8473200462046552 0.4486229987403118 0.8466349537953447 0.4498859987403117 0.8929579537953447
11 0.46715599996288826 0.859663811871495 0.4671699999628882 0.8361608118714952 0.47555200003711184 0.8361696881285055 0.4755380000371119 0.8596726881285054
5 0.5547261928677216 0.20680831706197803 0.5548109998198107 0.18348404948878574 0.5603650001801889 0.1835199505112142 0.5602801932280997 0.20684421808440648
10 0.4206429976005288 0.06812193714667865 0.41894199760052886 0.023561937146678643 0.4332630023994711 0.022590062853321366 0.43496400239947103 0.06715006285332137
5 0.42273566907257654 0.6549676648723994 0.43482565808851065 0.6400681785623868 0.43878652313478067 0.6457819403399259 0.42669653411884656 0.6606814266499385
5 0.3508062308024707 0.9288822710534629 0.3506202308024707 0.9218122710534629 0.3654702691975292 0.9211177289465371 0.36565626919752914 0.9281877289465371
5 0.3511481537153818 0.906652383523785 0.3499095930700266 0.8987209435225433 0.3632617856392629 0.8950141764749742 0.36450034628461814 0.9029456164762157
10 0.40950497620428633 0.3679842466492292 0.41164997620428634 0.3231962466492292 0.4255210237957135 0.3243772533507708 0.4233760237957135 0.3691652533507708
5 0.41130904492022824 0.3017482369169316 0.4116830449202283 0.2953982369169316 0.4256699550797719 0.29686276308306836 0.42529595507977186 0.3032127630830683
7 0.39293824911532227 0.22185100460052937 0.39885624911532225 0.19107600460052937 0.4148742508846778 0.19655199539947052 0.4089562508846778 0.22732699539947054
1 0.3484202495392502 0.8876428182962303 0.3482932495392502 0.8374258182962302 0.36355925046074977 0.8373571817037693 0.36368625046074976 0.8875741817037693
5 0.45654539320047827 0.29980654448911115 0.45487789601415635 0.27444073728128954 0.464249634198538 0.27334548531120473 0.4659171313848599 0.29871129251902634
4 0.455386005588392 0.10508920137243305 0.454129005588392 0.059808201372433055 0.467530994411608 0.05914679862756699 0.468787994411608 0.10442779862756697
5 0.4863807508076397 0.9766450730529003 0.48648935557562956 0.9529326626377979 0.49384613138607475 0.9529925642048439 0.49373752661808495 0.9767049746199463
5 0.4185624557549313 0.20141334945172074 0.4197204557549313 0.19511634945172077 0.43352104424506877 0.19962815054827923 0.43236304424506883 0.2059251505482792
10 0.4000669088883501 0.6285542522946451 0.4122539088883501 0.5948062522946451 0.42454309111164995 0.6026957477053548 0.41235609111164995 0.6364437477053548
8 0.09019299990571278 0.6679067415985199 0.08998599990571278 0.6494617415985199 0.12517100009428717 0.6487597584014803 0.12537800009428718 0.6672047584014803
7 0.6607038688363857 0.5534439287923286 0.661193273825075 0.5373954676700777 0.6718282261749245 0.5379720323299224 0.6713388211862353 0.5540204934521733
10 0.6009371676517598 0.5346837174336971 0.5886761676517597 0.4926097174336971 0.6011463323482398 0.48614928256630285 0.6134073323482399 0.5282232825663029
4 0.4303127457616915 0.2927351367899183 0.4308617457616915 0.24256613678991826 0.44572875423830866 0.2428553632100817 0.44517975423830863 0.2930243632100817
4 0.22102399923721106 0.6628666161789439 0.22099999923721106 0.642771616178944 0.25996500076278894 0.642688883821056 0.2599890007627889 0.662783883821056
5 0.4134351220368376 0.010752048860761088 0.42831590367566214 0.004572052114581265 0.4301907341492223 0.012597642211924892 0.41530995251039776 0.018777638958104716
5 0.4173754152182495 0.07981544134081218 0.42954846171721695 0.07496487875118792 0.4310917907147629 0.08185050043255047 0.41891874421579545 0.08670106302217474
10 0.43182326806492527 0.5382312525415485 0.4455198258320927 0.543951903175225 0.43508170978509153 0.588380807375279 0.4213851520179241 0.5826601567416023
1 0.4278162063267844 0.7273164768005999 0.4484694024942842 0.7273164768005999 0.4484694024942842 0.8467231907774034 0.4278162063267844 0.8467231907774034
8 0.45402320314437483 0.795813351484967 0.4607918976866648 0.795813351484967 0.4607918976866648 0.8046068691809334 0.45402320314437483 0.8046068691809334
6 0.5248361854941095 0.9100566359356337 0.5346633308270681 0.9100566359356337 0.5346633308270681 0.9309323796937828 0.5248361854941095 0.9309323796937828
11 0.6009805237232011 0.8856538221382363 0.6093796630764493 0.8856538221382363 0.6093796630764493 0.9157138998235452 0.6009805237232011 0.9157138998235452
6 0.6200189860828734 0.9020960981694744 0.6287862888439214 0.9009577717186016 0.6301285260034175 0.9193360959024687 0.6213612232423695 0.9204744223533415
8 0.6093177675614503 0.8916944968943735 0.6138063145355942 0.8916944968943735 0.6138063145355942 0.897679226193232 0.6093177675614503 0.897679226193232
8 0.6084215103548078 0.5935410669393104 0.6147090216571345 0.5935410669393104 0.6147090216571345 0.5994094108214779 0.6084215103548078 0.5994094108214779
4 0.3451514713518628 0.7028877131488592 0.3607560834087951 0.7028877131488592 0.3607560834087951 0.7508692413783369 0.3451514713518628 0.7508692413783369
8 0.38860294851096916 0.3454808821933988 0.39352037712613064 0.3454808821933988 0.39352037712613064 0.3517012192450561 0.38860294851096916 0.3517012192450561
8 0.38885512433738767 0.35355050863879206 0.3931421133865029 0.35355050863879206 0.3931421133865029 0.3584259079495505 0.38885512433738767 0.3584259079495505
8 0.42345791439855796 0.26380387635795327 0.4269486389989959 0.26145896212254494 0.42927464263573156 0.2676146485147151 0.4257839180352936 0.26995956275012345
8 0.42680758621337794 0.2577236945997472 0.4309684873492838 0.2577236945997472 0.4309684873492838 0.26411214886901685 0.42680758621337794 0.26411214886901685
4 0.35011956227930907 0.772963943072838 0.3657241743362414 0.772963943072838 0.3657241743362414 0.8209454713023158 0.35011956227930907 0.8209454713023158
