10 0.4781128298378887 0.46014283925864985 0.4971288298378887 0.42185783925864984 0.5096476701621111 0.4329121607413501 0.4906316701621111 0.47119716074135004
3 0.4364848138955344 0.643834829800687 0.4528188138955344 0.600326829800687 0.4657286861044656 0.6089431701993134 0.44939468610446565 0.6524511701993134
10 0.7808960346160118 0.17348290956912246 0.7971150346160117 0.1311129095691225 0.8107709653839886 0.1404060904308775 0.7945519653839885 0.1827760904308775
4 0.36386325285214793 0.3109959814336597 0.37144025285214793 0.2616729814336597 0.38633224714785214 0.2657400185663402 0.37875524714785214 0.3150630185663402
10 0.448425975175329 0.46286107647940283 0.463397975175329 0.41673507647940283 0.477095024824671 0.4246389235205972 0.462123024824671 0.4707649235205971
12 0.7094805382394905 0.5917485622466233 0.7119405382394906 0.5735965622466233 0.7462489617605095 0.5818624377533769 0.7437889617605095 0.6000144377533768
10 0.7563379849229821 0.11167403964994137 0.7735899849229821 0.06630403964994139 0.787933015077018 0.07599996035005857 0.7706810150770179 0.12136996035005858
10 0.42557818843744416 0.05184174314388347 0.4329551884374441 0.03199974314388347 0.46804081156255584 0.05518975685611655 0.4606638115625559 0.07503175685611656
4 0.4176368445830018 0.07505818554416106 0.42510484458300185 0.05412918554416106 0.4599671554169982 0.07624431445583896 0.4524991554169982 0.09717331445583896
4 0.11699831697312783 0.5751879264107655 0.12284131697312783 0.5553989264107656 0.15982468302687214 0.5748120735892344 0.15398168302687212 0.5946010735892343
10 0.1380579008144513 0.5262662931185658 0.1444569008144513 0.5073552931185658 0.17860909918554868 0.5278997068814342 0.17221009918554867 0.5468107068814341
4 0.12375688357646261 0.5514243615857136 0.13022888357646265 0.5313233615857136 0.1676491164235374 0.5527426384142864 0.16117711642353735 0.5728436384142864
10 0.11334910060697544 0.5997106373114867 0.11875810060697543 0.5802116373114866 0.15383789939302456 0.5975113626885135 0.1484288993930246 0.6170103626885135
10 0.3236549317664755 0.044627212630008156 0.33033893176647544 0.023798212630008163 0.36697006823352457 0.04469578736999183 0.3602860682335246 0.06552478736999183
10 0.1480571537120044 0.5054982474359017 0.15418515371200442 0.48546324743590163 0.1899638462879956 0.5049182525640984 0.18383584628799554 0.5249532525640983
10 0.3954355831837855 0.4895645508360124 0.4005055831837855 0.4728225508360125 0.43425191681621444 0.4909904491639874 0.4291819168162145 0.5077324491639874
4 0.3289856311443181 0.01458076923149219 0.3354800276803709 1.6579330501069006e-17 0.36608358587035467 0.024233032384497553 0.3595891893343019 0.038813801615989726
11 0.6058620338749487 0.5553950861964966 0.5962680338749489 0.5309830861964965 0.6055959661250514 0.5244659138035034 0.6151899661250514 0.5488779138035035
5 0.642565017037944 0.37983697068015987 0.654089017037944 0.3600059706801599 0.6605599829620561 0.3666910293198401 0.6490359829620561 0.3865220293198401
2 0.7019559998984891 0.4019702411018558 0.7019669998984891 0.37510424110185575 0.7136690001015108 0.37511275889814405 0.7136580001015109 0.4019787588981441
5 0.43800113949474534 0.6971403945634356 0.4476647469935999 0.6748602083939329 0.4554453742923136 0.6808596737873943 0.44578176679345904 0.703139859956897
10 0.5265368885839217 0.3338436474820206 0.5136017440256173 0.3355900854695343 0.5102819006572242 0.291876826633877 0.5232170452155286 0.2901303886463633
5 0.3507642837033707 0.75906818150006 0.3617812837033707 0.73667718150006 0.36902721629662927 0.7430153184999404 0.35801021629662927 0.7654063184999402
5 0.6737091908158468 0.6817857345526884 0.676054190815847 0.6754517345526886 0.688269809184153 0.6834917654473115 0.6859248091841529 0.6898257654473116
5 0.3772599181366508 0.6832579322725545 0.38619891813665075 0.6633539322725545 0.3930520818633495 0.6688255677274455 0.38411308186334947 0.6887295677274455
5 0.6679358343286138 0.36124778805575775 0.6763188343286138 0.3401797880557577 0.6836266656713862 0.3453492119442424 0.6752436656713862 0.3664172119442424
5 0.5494430704630512 0.6379709156154237 0.5513350704630512 0.6289929156154238 0.5672239295369488 0.634945584384576 0.5653319295369487 0.643923584384576
5 0.6236787004593161 0.4500711704999433 0.628655700459316 0.4329411704999433 0.634654799540684 0.4360398295000568 0.629677799540684 0.4531698295000568
5 0.6958151800847214 0.3132233226069995 0.6997861800847215 0.2948973226069995 0.7057473199152787 0.2971936773930005 0.7017763199152786 0.31551967739300046
10 0.40904542578303926 0.09892965690183708 0.4156284257830392 0.08051465690183707 0.4482460742169607 0.10124384309816292 0.44166307421696077 0.11965884309816295
5 0.4952749632310783 0.9138368455595889 0.49124196323107827 0.8968958455595889 0.49691203676892176 0.8944961544404108 0.5009450367689218 0.9114371544404107
4 0.21007536512734779 0.5988910152581854 0.21739136512734777 0.5795910152581855 0.2513831348726523 0.6024979847418145 0.2440671348726523 0.6217979847418145
11 0.708114017171598 0.21466895614958217 0.719896017171598 0.1845819561495822 0.7309479828284018 0.1922760438504178 0.7191659828284018 0.22236304385041777
13 0.7863238478803882 0.2445911313749941 0.8028768478803882 0.2030891313749941 0.8147181521196117 0.2114853686250058 0.7981651521196119 0.2529873686250058
5 0.7206007710966524 0.30600695002677414 0.7274187710966524 0.2898569500267741 0.7320037289033474 0.2932980499732257 0.7251857289033474 0.3094480499732258
4 0.089626597222949 0.6259502049099929 0.09611359722294902 0.6064262049099929 0.141232902777051 0.6330772950900071 0.134745902777051 0.652601295090007
5 2.775557561562891e-19 0.8379239036983334 0.002596093999437539 0.8294171910604132 0.017749783385032365 0.8376387562606693 0.015153689385594825 0.8461454688985895
5 0.38431942164297106 0.5225348058226302 0.38645842164297106 0.5164778058226303 0.3995345783570288 0.5246871941773699 0.3973955783570288 0.5307441941773698
11 0.4168843349045889 0.937545818277414 0.4329263349045889 0.903211818277414 0.444053165095411 0.9124541817225855 0.42801116509541093 0.9467881817225855
11 0.006512353576672656 0.6847547572390824 0.01254976919092565 0.6702617712693426 0.03319564307976948 0.6855516466334712 0.027158227465516487 0.7000446326032109
10 0.43927021185405934 0.02869143191027721 0.44584321185405934 0.011066431910277216 0.4775267881459405 0.03207256808972279 0.4709537881459406 0.04969756808972278
10 0.06569187259686254 0.7454884666320091 0.06959187259686253 0.731203466632009 0.09186012740313748 0.7420115333679913 0.0879601274031375 0.7562965333679913
11 0.7699143252486879 0.8155774503374773 0.7768053252486878 0.8039324503374774 0.7925856747513126 0.8205335496625227 0.7856946747513126 0.8321785496625227
5 0.004694617052179034 0.6573723184176213 0.007139805266561538 0.6487780129587501 0.022459081794758702 0.6565265058232922 0.0200138935803762 0.6651208112821634
4 0.19838798847187333 0.6204190290560233 0.20621198847187336 0.6006990290560233 0.24223701152812668 0.626108970943977 0.23441301152812669 0.645828970943977
5 0.4318258521226437 0.5669157700377906 0.43898685212264377 0.5507917700377906 0.4438256478773564 0.5546122299622093 0.43666464787735637 0.5707362299622093
11 0.5308080321228579 0.3642049471908372 0.533170032122858 0.3419439471908372 0.5410669678771421 0.3434335528091628 0.5387049678771421 0.3656945528091628
9 0.8334619606974667 0.08475115114325787 0.8469189606974666 0.03299915114325787 0.8618510393025335 0.03990184885674217 0.8483940393025335 0.09165384885674217
4 0.19192419684676293 0.6452394835947928 0.19932819684676292 0.6258164835947927 0.23281580315323708 0.6485105164052072 0.22541180315323708 0.6679335164052073
11 0.6876345971668468 0.6479743045708439 0.6779075971668467 0.6211243045708439 0.6856975786541053 0.6161072534687332 0.6954245786541055 0.6429572534687333
5 0.760356791522516 0.26864096679578353 0.7614457915225159 0.26228296679578356 0.7750602084774838 0.2664285332042165 0.7739712084774839 0.2727865332042165
5 0.39124469078612334 0.5170351413185239 0.3800599010824884 0.5035019664854317 0.3842763092138774 0.4973068675577586 0.39546109891751235 0.5108400423908508
5 0.6638182868154202 0.5573206098627074 0.6645102868154202 0.5499886098627074 0.6788902131845796 0.5524013901372926 0.6781982131845797 0.5597333901372926
4 0.4206889464719252 0.5517173539709547 0.44172694647192523 0.5108533539709547 0.4537900535280748 0.5218941460290454 0.4327520535280748 0.5627581460290454
4 0.2180143271890348 0.5780250386314376 0.2256463271890348 0.5592760386314376 0.25854817281096515 0.5830859613685623 0.2509161728109652 0.6018349613685623
10 0.6067139858854956 0.1768159958734966 0.5947689505648642 0.169024438911546 0.6098891963666737 0.12781473323397827 0.6218342316873051 0.13560629019592887
5 0.8385608822119452 0.009231056852377552 0.8480928822119452 -0.0009569431476224478 0.8520641177880547 0.005648443147622443 0.8425321177880546 0.01583644314762244
4 0.3324829977298037 0.37834500471914256 0.3511649977298038 0.3395100047191426 0.3643920022701963 0.35082199528085767 0.3457100022701962 0.38965699528085757
5 0.3970978824649475 0.5017989951128486 0.38706703297309497 0.48929028470368324 0.3900872681570531 0.484984588227576 0.4001181176489056 0.49749329863674135
5 0.7653254125720207 0.25207911021726237 0.7789634421583683 0.2573969505478066 0.7773176883696175 0.2649003604427885 0.7636796587832698 0.25958252011224425
5 0.3951637731448498 0.5082460261798407 0.3851329236529973 0.49573731577067526 0.3881531588369554 0.491431619294568 0.3981840083288079 0.5039403297037335
11 0.5053590856359131 0.6294305851449752 0.5073038218326573 0.6173422287998565 0.5269125028218733 0.6229503746297308 0.5249677666251291 0.6350387309748495
8 0.4626822873342652 0.5247240946225529 0.46756169685635024 0.5257612637963289 0.4666572409726381 0.5333258039146512 0.46177783145055307 0.5322886347408751
8 0.46860094095087473 0.531385740791106 0.47232258168722396 0.5347809218137407 0.4693039286307461 0.540663425205851 0.4655822878943969 0.5372682441832163
11 0.45355941398471616 0.5574627998072211 0.44526584052649565 0.551933750835074 0.4532062955433331 0.5307592041235081 0.4614998690015536 0.5362882530956553
11 0.443615467912727 0.5797984157752494 0.4358963661166216 0.5729483168828586 0.4453699174860854 0.5539698898452887 0.4530890192821908 0.5608199887376796
8 0.402427065618166 0.6134510094796324 0.41023535196598115 0.6134510094796324 0.41023535196598115 0.621192558337295 0.402427065618166 0.621192558337295
8 0.3571790472949294 0.5958875310510932 0.36839094564051017 0.5958875310510932 0.36839094564051017 0.6035738609370968 0.3571790472949294 0.6035738609370968
8 0.3445656616561511 0.5838195638520258 0.351573098122139 0.5838195638520258 0.351573098122139 0.5923619625915159 0.3445656616561511 0.5923619625915159
8 0.35329457400350994 0.6348441486862128 0.3606672645414492 0.6348441486862128 0.3606672645414492 0.6413448005583744 0.35329457400350994 0.6413448005583744
0 0.36264118713273485 0.6386469898043142 0.368126316920783 0.6341952902661878 0.3748656953882246 0.6489577383377251 0.3693805656001764 0.6534094378758515
8 0.37683961797950954 0.6491138723080307 0.38254750742823673 0.6491138723080307 0.38254750742823673 0.6552974192108185 0.37683961797950954 0.6552974192108185
7 0.359504577323711 0.7107159603717867 0.36678120360188565 0.7159539408419646 0.3582340596429364 0.7370627963769495 0.35095743336476176 0.7318248159067716
2 0.33692299255887836 0.7976508207516954 0.34100099242391557 0.8090088055609782 0.3216393292300418 0.8213673139826063 0.31756132936500453 0.8100093291733235
11 0.06369215691217396 0.8888519913486432 0.08574524123213254 0.8976209767310035 0.08156529918950602 0.9163091875708955 0.05951221486954745 0.9075402021885354
11 0.22392625326946994 0.8147407481052893 0.2431449213091317 0.8232823783451392 0.24007914139883618 0.835545497986321 0.2208604733591744 0.8270038677464712
5 0.25880788673688093 0.8079867636217426 0.26756775255476584 0.8079867636217426 0.26756775255476584 0.8165519657547855 0.25880788673688093 0.8165519657547855
5 0.4007637859506073 0.7197869345705964 0.4121717859506073 0.6990249345705964 0.4185067140493926 0.7052130654294041 0.40709871404939263 0.725975065429404
4 0.4818376562721308 0.5615570570251858 0.4874175667563258 0.5714312703437913 0.4714004761398513 0.5875223739934273 0.4658205656556563 0.5776481606748218
5 0.47841159992744936 0.6135290470833208 0.49346939282164404 0.6072915147517447 0.4954908153365067 0.6159667863780298 0.480433022442312 0.6222043187096059
8 0.6578445387901888 0.7045285776690656 0.662339156991386 0.7086081274565277 0.6596454989959672 0.713884075325402 0.65515088079477 0.7098045255379399
8 0.6528710596411541 0.6966940922947387 0.6563905724666429 0.7044572975394283 0.651754213464092 0.7081940644967127 0.6482347006386032 0.700430859252023
8 0.6608133306396288 0.6984260610896609 0.665307948840826 0.7025056108771229 0.6626142908454072 0.7077815587459972 0.65811967264421 0.7037020089585352
5 0.8799799631046025 0.6117594990437827 0.8805900864044562 0.6184887283482864 0.8665256320714778 0.6207557342118053 0.8659155087716242 0.6140265049073016
5 0.8591093921214507 0.5877960034946149 0.8632923910371196 0.5916479737191149 0.8570273778949871 0.6037429296462903 0.8528443789793181 0.5998909594217902
5 0.942151294355162 0.6520166605670563 0.9459351443295928 0.6565433520285213 0.9373352546149974 0.6693231317972579 0.9335514046405666 0.6647964403357928
2 0.8956537032040158 0.6371150306671306 0.8904327921618452 0.6496266267096118 0.8746348651735323 0.6379070708065537 0.8798557762157029 0.6253954747640725
5 0.8668299659780702 0.5982414857712177 0.871012964893739 0.6020934559957177 0.8647479517516065 0.6141884119228931 0.8605649528359376 0.6103364416983931
5 0.9536715822501525 0.6660342680134849 0.9531597730553192 0.6727780517512777 0.9403478116265785 0.6710494396662896 0.9408596208214118 0.6643056559284968
5 0.9143519963803536 0.671177069794713 0.9228145681388227 0.6746939827332978 0.9209178061045298 0.6828079092133281 0.9124552343460607 0.6792909962747433
5 0.9170411093486658 0.6620141663471302 0.9255036811071349 0.665531079285715 0.923606919072842 0.6736450057657453 0.9151443473143729 0.6701280928271605
10 0.40836534413913 0.4463598516710171 0.4135413441391301 0.42908985167101704 0.44528065586087 0.44600114832898285 0.44010465586086994 0.4632711483289829
10 0.41824988858301615 0.419368343216089 0.4245071676993342 0.40274682087316177 0.4550546881933719 0.4231909289503928 0.4487974090770539 0.43981245129332003
8 0.5297986441236687 0.2854425347931603 0.535892802924349 0.2854425347931603 0.535892802924349 0.29199539371862315 0.5297986441236687 0.29199539371862315
8 0.4486929768985193 0.4413618203181579 0.45279373232301323 0.4426385360509948 0.4517544545770759 0.4485729626002625 0.447653699152582 0.4472962468674257
10 0.5654242509230516 0.20945865665724675 0.5593872509230514 0.19366065665724674 0.5900447490769486 0.17283334334275322 0.5960817490769488 0.18863134334275322
8 0.6244408834186551 0.13185409809523432 0.6304561494409975 0.13185409809523432 0.6304561494409975 0.14104104983844817 0.6244408834186551 0.14104104983844817
8 0.6359245730976729 0.14177017299267142 0.6419398391200153 0.14177017299267142 0.6419398391200153 0.1499363523199726 0.6359245730976729 0.1499363523199726
4 0.6678084152863025 0.03633657717759136 0.6537663761164942 0.04348160844217919 0.6433662047472337 0.0071450312645877905 0.657408243917042 -3.789561257387201e-17
10 0.6226873692817226 0.015638612434299263 0.6346461936851394 0.006573378368766367 0.6482225626643673 0.038413196093864614 0.6362637382609505 0.04747843015939751
11 0.7311203070275215 0.2579584488192183 0.7232457056863463 0.25184428557321126 0.7344244311860146 0.2262489214920814 0.74229903252719 0.23236308473808845
5 0.7525659641570631 0.29467171508286955 0.7512479641570631 0.27580771508286955 0.7570859543074404 0.27508257409538506 0.7584039543074405 0.29394657409538505
8 0.725335090964049 0.2763109294602368 0.7307750849429019 0.2763109294602368 0.7307750849429019 0.2829166364345582 0.725335090964049 0.2829166364345582
5 0.7476116839263218 0.2758907834892107 0.7462936839263217 0.2570267834892107 0.752131674076699 0.2563016425017262 0.7534496740766992 0.2751656425017262
8 0.7767728503893511 0.3104719448078113 0.782545563245892 0.3104719448078113 0.782545563245892 0.3173834921734661 0.7767728503893511 0.3173834921734661
8 0.7836058574440327 0.3123569122711717 0.7893785703005736 0.3123569122711717 0.7893785703005736 0.3192684596368265 0.7836058574440327 0.3192684596368265
5 0.7049240550908868 0.4809675452631312 0.7227415229374141 0.4855236101006005 0.7214365342900273 0.494596388315763 0.7036190664435001 0.4900403234782937
8 0.7105098833239191 0.31540921417456735 0.7158761117597646 0.31540921417456735 0.7158761117597646 0.3242153326333926 0.7105098833239191 0.3242153326333926
11 0.7931667839869108 0.5556460143409254 0.8136526886926615 0.5615434717562142 0.8108572552895061 0.57880649908799 0.7903713505837554 0.5729090416727013
7 0.9615039862315891 0.6643831508146879 0.9798135538965281 0.6781244630742032 0.9732457352104615 0.6936822747135378 0.9549361675455225 0.6799409624540226
8 0.8581970947972134 0.5632487832891478 0.8641757767872418 0.5632487832891478 0.8641757767872418 0.5707648406480406 0.8581970947972134 0.5707648406480406
8 0.7394775524237933 0.5147360494272034 0.7451145954429628 0.5147360494272034 0.7451145954429628 0.5220243474721903 0.7394775524237933 0.5220243474721903
2 0.1710102168976782 0.9830525702207469 0.17940154034579994 0.9739047962311799 0.18979383219156745 0.9908522260104308 0.1814025087434457 0.9999999999999979
10 0.47641830395584994 0.9106707988114049 0.48992042912915773 0.9063113682621767 0.49744048874292635 0.9477181162589876 0.4839383635696185 0.9520775468082158
8 0.31665356865241356 0.6436340988183027 0.31872101585509277 0.6485375867680626 0.3111797103115674 0.654190252774249 0.3091122631088882 0.6492867648244891
8 0.2527385081989234 0.7600876447066319 0.2575303174121023 0.7648202957813768 0.25156226968218787 0.7755627816952221 0.24677046046900894 0.7708301306204772
8 0.2718764083810191 0.7101140628969133 0.2739438555836983 0.7150175508466732 0.26640255004017294 0.7206702168528596 0.26433510283749373 0.7157667289030997
8 0.3028573625147406 0.6533156469850906 0.3049248097174198 0.6582191349348506 0.29738350417389436 0.663871800941037 0.29531605697121516 0.658968312991277
8 0.42886092449989804 0.5281472092894556 0.43212610195224815 0.5233790136447514 0.43480821200239433 0.5266441910971015 0.43154303455004417 0.5314123867418058
8 0.4271130901803414 0.5617777456319653 0.4319556317914233 0.5617777456319653 0.4319556317914233 0.5666202872430471 0.4271130901803414 0.5666202872430471
8 0.42438157350964717 0.5320212425783214 0.42764675096199734 0.5272530469336171 0.43032886101214346 0.5305182243859673 0.42706368355979335 0.5352864200306715
