11 0.5820701767575984 0.4349613651024379 0.5817911525264883 0.44400888808239203 0.5663742503257346 0.4431636348975621 0.5666532745568448 0.43411611191760796
4 0.06406829476222221 0.011978866200577296 0.07348304060578484 0.0006126322414147272 0.09561360677083335 0.03320095486111112 0.08619886092727072 0.04456718882027368
5 0.9348780776515152 0.8075244633838385 0.9266635452079401 0.8066435445811448 0.9277961044676216 0.7878683097453215 0.9360106369111967 0.7887492285480151
10 0.28039541828562764 0.4057017104102929 0.2881064182856276 0.3924327104102929 0.31075008171437235 0.41582628958970697 0.3030390817143723 0.429095289589707
13 0.5144159217376986 0.9301681674560605 0.502595087508803 0.9362235109275733 0.4921223958333335 0.8998784722222222 0.5039432300622291 0.8938231287507094
6 0.5314928034216954 0.984853864696364 0.5231338244879701 0.9891358373164622 0.5151224663787747 0.9613327538700981 0.5234814453125 0.95705078125
11 0.2022487067943902 0.26583529759996016 0.20960021873923834 0.2578974619743526 0.21901976966377337 0.27340640631590124 0.21166825771892522 0.28134424194150887
11 0.31839779533605683 0.46740647815551584 0.32574930728090506 0.45946864252990827 0.33516885820543996 0.47497758687145697 0.3278173462605918 0.4829154224970645
11 0.34263020833333335 0.4334201388888889 0.35072632277961613 0.43599314228422636 0.34607981036059654 0.4619852115013395 0.33798369591431376 0.45941220810600203
11 0.3898120106930534 0.43864419326136334 0.39050440408098347 0.4305651520099891 0.40523172571712723 0.43280900464448097 0.40453933232919714 0.4408880458958552
11 0.469014127692626 0.42538276052365487 0.46871555443013374 0.4335428750479961 0.4524611346237228 0.43248556196750115 0.45275970788621506 0.42432544744316
11 0.6058440005625672 0.45571989924673806 0.6061938515689267 0.44640831915984375 0.6262389521294686 0.44774721088405334 0.625889101123109 0.45705879097094765
11 0.8260640963296721 0.4496075657990478 0.8251563991280307 0.45906843645534795 0.8076517245170579 0.4560827691879037 0.8085594217186992 0.44662189853160356
11 0.7921725116381976 0.46741243006562405 0.7935259006289871 0.458046720141955 0.810854507125199 0.46249839103243817 0.8095011181344095 0.4718641009561072
11 0.8477749712018345 0.4565417637916606 0.8461567437015093 0.46583248033889874 0.828966891311562 0.46050968230640216 0.8305851188118872 0.451218965759164
11 0.8803680812373126 0.4635758988733244 0.8798795572916668 0.47247048611111114 0.8633005751329464 0.47085167791538063 0.8637890990785922 0.46195709067759383
11 0.9714075520833334 0.4931276041666667 0.9643599107202229 0.4974265070614749 0.957635408311134 0.47782796400813915 0.9646830496742446 0.4735290611133309
6 0.5517497442481089 0.4149641160825566 0.551482204861111 0.42585358796296313 0.537166271376891 0.425228302898925 0.537433810763889 0.4143388310185185
6 0.4672479778802778 0.4184932809891883 0.4672706957546838 0.4075980100473944 0.4815942530224999 0.4076511055848857 0.4815715351480939 0.4185463765266797
8 0.23134022085371345 0.254999786434934 0.23379475043233727 0.250748642422472 0.23788618987125196 0.25494832099998227 0.23543166029262813 0.25919946501244423
8 0.631978108788341 0.4489245410116654 0.6347193848687459 0.4471507741361097 0.6366902369526968 0.4525656404677737 0.6339489608722919 0.4543394073433294
8 0.6777544493433105 0.42274374000318504 0.6804906193970091 0.42162530552868066 0.6815251712859255 0.4261247851725402 0.678789001232227 0.4272432196470446
8 0.6945548959079747 0.45328267821101215 0.6970874313284436 0.4512467183631856 0.6993532576107022 0.4562573260768016 0.6968207221902334 0.45829328592462815
5 0.7519211185224357 0.4218552358416783 0.7637135695397331 0.4218552358416783 0.7637135695397331 0.4275810502084586 0.7519211185224357 0.4275810502084586
8 0.8451017988169756 0.4477850819320272 0.8513576842327482 0.4477850819320272 0.8513576842327482 0.4526141864635007 0.8451017988169756 0.4526141864635007
8 0.8592598552842502 0.4545897292263763 0.8679851691536169 0.4545897292263763 0.8679851691536169 0.4600773480121415 0.8592598552842502 0.4600773480121415
3 0.8513269181667354 0.4371448970948599 0.8766790803631933 0.4388350412412878 0.8760850808063971 0.4546750294225419 0.8507329186099394 0.452984885276114
