5 0.47948175223750866 0.7254231627928671 0.4792427522375086 0.7080541627928669 0.48510174776249126 0.7079108372071328 0.48534074776249125 0.725279837207133
5 0.4780700126110894 0.6992349930968169 0.47692401261108947 0.677151993096817 0.48442998738891074 0.6764595069031831 0.48557598738891067 0.6985425069031832
10 0.419744113296464 0.22575824948086745 0.4314777689964318 0.22449742375141504 0.43348448779475174 0.25769774377959276 0.4217508320947839 0.25895856950904517
11 0.4530439996984861 0.6329469940963566 0.4519149996984861 0.6108409940963565 0.459977000301514 0.6101090059036431 0.461106000301514 0.6322150059036432
6 0.4225498240595657 0.73592164723799 0.42933984375000006 0.7468671875 0.4137517579467073 0.7640583043294261 0.40696173825627296 0.7531127640674161
10 0.4089476219337619 0.01981150589572584 0.41798461121800484 0.01940399000365466 0.4186171875 0.044342447916666666 0.40958019821575703 0.044749963808737844
10 0.42656542968750005 0.07018229166666666 0.43625028790405335 0.06885378984524976 0.43846392699531545 0.09754278926583577 0.42877906877876215 0.09887129108725268
10 0.422900390625 0.042877604166666666 0.4295439592163863 0.04196628540731927 0.43089746093749987 0.05950781250000001 0.4242538923461136 0.06041913125934741
10 0.4168293835996187 0.0006272169689707246 0.4227812269115964 -0.0010198633334019907 0.425314453125 0.015253906250000003 0.41936260981302226 0.016900986552372717
5 0.4247196784330477 0.017339832730735 0.4285334705286728 0.016855463964031307 0.4294785637544524 0.03008464643593167 0.4256647716588273 0.03056901520263536
10 0.4289052734375 -0.0027591145833333317 0.4377555254808738 -0.006614266921190901 0.4429765625 0.014694010416666662 0.4341263104566262 0.018549162754524232
5 0.4125875307605991 0.07051847432419472 0.4129650648403482 0.06412203906008421 0.42334921376724904 0.06521163765255618 0.4229716796875 0.07160807291666671
11 0.4091083984375 0.050440104166666666 0.41506782578119156 0.04567666393496406 0.4194306640625 0.055380208333333326 0.4134712367188084 0.06014364856503593
11 0.42114310042660164 0.17379805430992254 0.42809763590655464 0.17257623129324523 0.4297270167608984 0.1890639248567442 0.4227724812809455 0.1902857478734215
11 0.4185793677406955 0.15794409705170484 0.42427764189396017 0.15630053310962153 0.4269616478843045 0.17284366336496187 0.42126337373103984 0.1744872273070452
6 0.4241322310214628 0.15516687465724094 0.41625587552331816 0.15589968378394192 0.4152222611660372 0.13614953159275905 0.4230986166641819 0.13541672246605807
6 0.42665963850127697 0.3420543450136018 0.43584984043180386 0.34173311107588444 0.436354033373723 0.3673766445697315 0.42716383144319614 0.3676978785074489
2 0.43318675372731646 0.43909473270789173 0.4431044363465969 0.4380558494746906 0.44439039471018366 0.4598805277087751 0.4344727120909032 0.4609194109419762
5 0.45571710966829054 0.4242322527947456 0.4612312246372342 0.42318914726562085 0.4629694137692094 0.439524257621921 0.45745529880026575 0.4405673631510457
10 0.422900390625 0.042877604166666666 0.4295439592163863 0.04196628540731927 0.43089746093749987 0.05950781250000001 0.4242538923461136 0.06041913125934741
10 0.422900390625 0.042877604166666666 0.4295439592163863 0.04196628540731927 0.43089746093749987 0.05950781250000001 0.4242538923461136 0.06041913125934741
10 0.422900390625 0.042877604166666666 0.4295439592163863 0.04196628540731927 0.43089746093749987 0.05950781250000001 0.4242538923461136 0.06041913125934741
10 0.422900390625 0.042877604166666666 0.4295439592163863 0.04196628540731927 0.43089746093749987 0.05950781250000001 0.4242538923461136 0.06041913125934741
10 0.422900390625 0.042877604166666666 0.4295439592163863 0.04196628540731927 0.43089746093749987 0.05950781250000001 0.4242538923461136 0.06041913125934741
10 0.422900390625 0.042877604166666666 0.4295439592163863 0.04196628540731927 0.43089746093749987 0.05950781250000001 0.4242538923461136 0.06041913125934741
5 0.4685368207954269 0.44143358168749147 0.4694733810705715 0.4341135504020999 0.4816711870170732 0.4368880328958417 0.4807346267419286 0.44420806418123326
6 0.4271390862959269 0.46361722930209337 0.43684226053118197 0.4617228586434517 0.439218335579073 0.48335933319790636 0.42951516134381795 0.4852537038565482
6 0.42823257092573125 0.48657761309495684 0.43795577961778287 0.48440036177115475 0.4408025853242687 0.5070018139883765 0.43107937663221707 0.5091790653121786
2 0.4522504227356931 0.4959609540482291 0.4632379980114305 0.4988356465402437 0.4597383478660474 0.522615686097608 0.44875077259031 0.5197409936055934
6 0.5299843749999998 0.5768437500000001 0.5238518724932479 0.585760571751079 0.5071236585198915 0.5653076810510086 0.5132561610266435 0.5563908592999296
6 0.45856722781862325 0.713202380186775 0.46815429687500004 0.71184765625 0.47012480123448436 0.7366384210134719 0.46053773217810756 0.7379931449502468
11 0.4780268122791624 0.7584687169768504 0.46883203125 0.7567447916666666 0.47171083585106244 0.7294479370589244 0.48090561688022476 0.7311718623691081
13 0.5219882829228747 0.8635174061226691 0.5078945312500001 0.8702213541666667 0.4937340823438098 0.8172976211595931 0.5078278340166843 0.8105936731155956
11 0.5032646484375 0.8973606770833333 0.49459343959165075 0.9004222925147792 0.4886234107321669 0.8703627122613087 0.49729461957801613 0.8673010968298628
9 0.3312026949501049 0.8915195302778122 0.31987695312499986 0.8761497395833332 0.35273480504989496 0.8331054697221878 0.364060546875 0.8484752604166668
11 0.3480229218666516 0.8231514454657004 0.3536943359375 0.8330013020833335 0.3359116484458484 0.8512040232842999 0.33024023437500005 0.8413541666666668
6 0.32743363150663596 0.8319287925917694 0.33332519531249993 0.8432812499999999 0.31199800911836406 0.8629579261582303 0.30610644531250003 0.8516054687499999
5 0.45571710966829054 0.4242322527947456 0.4612312246372342 0.42318914726562085 0.4629694137692094 0.439524257621921 0.45745529880026575 0.4405673631510457
6 0.24882758405293226 0.9096776351843618 0.25471914785879646 0.9210300925925923 0.23339196166466053 0.9407067687508235 0.22750039785879636 0.929354311342593
6 0.21560610642267547 0.9385324342880673 0.22260054976851848 0.9520100308641972 0.20585190138982445 0.9674625020545247 0.19885745804398147 0.9539849054783948
8 0.4565110352384563 0.2908920975960729 0.45981649742390857 0.28972957001225647 0.4618023275558215 0.29976760017136683 0.45849686537036927 0.30093012775518324
8 0.4318738439445551 0.2614036140791016 0.43508562212864205 0.2598425527613848 0.43775222776075023 0.2695960832716202 0.43454044957666327 0.2711571445893371
8 0.4288185685928179 0.277961235340129 0.43203034677690494 0.2764001740224122 0.4346969524090131 0.28615370453264766 0.43148517422492616 0.2877147658503645
8 0.43261194248450907 0.3773250967586607 0.43667489144179705 0.37584766077419235 0.4385073619804355 0.38480640562975804 0.43444441302314757 0.3862838416142264
8 0.4652190481481523 0.3871551093221745 0.46779384325960893 0.38629170497342263 0.469423891124925 0.3949335460371621 0.46684909601346836 0.395796950385914
8 0.4410502440721963 0.4804436728563435 0.4449582860282641 0.479439196209001 0.44621388183744215 0.4881237338891517 0.44230583988137434 0.4891282105364942
8 0.48786494029312133 0.4837156717967927 0.4912666431912978 0.4837156717967927 0.4912666431912978 0.49262489367296924 0.48786494029312133 0.49262489367296924
8 0.4739456508053259 0.5705205664353332 0.47721933202740907 0.568476242296649 0.4796927014174562 0.5755175461457941 0.476419020195373 0.5775618702844784
8 0.47568857598590336 0.5832973525449098 0.47888672551773087 0.5817519380060404 0.4809088912955475 0.5891915108676387 0.47771074176371997 0.590736925406508
8 0.5236560029792718 0.5455051126890689 0.5269901166425768 0.543542171311539 0.5299687169534624 0.5525363761718616 0.5266346032901574 0.5544993175493914
8 0.5024481126431032 0.5588716972541262 0.5057822263064081 0.5569087558765964 0.5093155207859619 0.5675779195991724 0.5059814071226569 0.5695408609767022
8 0.3460869584820873 0.7901638880501315 0.35068164198562496 0.794640759156144 0.34820758163756543 0.7991548341771635 0.34361289813402784 0.7946779630711511
8 0.21049761463365335 0.9724766124331947 0.21873427185710728 0.9652089737066185 0.22099024409230095 0.9697543399878981 0.21275358686884702 0.9770219787144743
8 0.1344250397306995 0.9962458274210443 0.14349762346317554 0.9915091017958624 0.14460013718627823 0.995263274374818 0.13552755345380216 0.9999999999999999
8 0.2871100949606563 0.8636589227446916 0.2918587411949867 0.8589495215205621 0.29467414410071624 0.8639963919145365 0.28992549786638583 0.8687057931386659
8 0.3030370672217002 0.8471029327732919 0.3068333981577684 0.842816384929563 0.3098820205466273 0.8476163435843619 0.30608568961055915 0.8519028914280907
8 0.3876605045890782 0.747841987675401 0.39256349035471194 0.747841987675401 0.39256349035471194 0.7537956132479561 0.3876605045890782 0.7537956132479561
8 0.4682385158864904 0.9064175880084392 0.4734287446800724 0.9047178639590785 0.47534093423560314 0.9150983215462425 0.47015070544202114 0.9167980455956031
8 0.5156718123071932 0.9153620370120307 0.5201257357421257 0.9131094780334441 0.5225980565722816 0.9218000603455077 0.5181441331373491 0.9240526193240942
8 0.5568189122202679 0.780396899242049 0.5626271827486597 0.7826473972245598 0.5615350293159708 0.7876584541510153 0.5557267587875789 0.7854079561685046
8 0.574056328750585 0.7115658008832315 0.5776654265879083 0.7115658008832315 0.5776654265879083 0.7199870291703191 0.574056328750585 0.7199870291703191
8 0.5570133667410028 0.7038129240474998 0.5606224645783261 0.7038129240474998 0.5606224645783261 0.7106301088513328 0.5570133667410028 0.7106301088513328
8 0.5940066195735669 0.6853664239900695 0.5974152119754834 0.6853664239900695 0.5974152119754834 0.692450949374445 0.5940066195735669 0.692450949374445
8 0.5977159701285937 0.6911142464717327 0.6011245625305102 0.6911142464717327 0.6011245625305102 0.698065101565837 0.5977159701285937 0.698065101565837
8 0.5830380051171136 0.6597032797718545 0.5852636781058789 0.6624853710078104 0.5814383026564398 0.6679259049803474 0.5792126296676745 0.6651438137443916
8 0.4917693447595257 0.6381753201652058 0.49509980773613105 0.6381753201652058 0.49509980773613105 0.6440692304025923 0.4917693447595257 0.6440692304025923
