4 0.7099332470201509 0.03135892930085006 0.7092492470201509 0.01512992930085006 0.7353792529798491 0.013172070699149932 0.7360632529798491 0.02940107069914993
10 0.46693900737593574 0.1646269971018589 0.46610100737593574 0.1365669971018589 0.4755089926240643 0.13606750289814107 0.47634699262406427 0.16412750289814107
10 0.3388287623186212 0.910591845732588 0.3385237623186212 0.8958518457325879 0.3626687376813788 0.8949636542674119 0.3629737376813788 0.909703654267412
10 0.2772249710350565 0.9153422857277169 0.2763399710350565 0.9011542857277169 0.2998590289649436 0.8985462142722834 0.3007440289649437 0.9127342142722834
10 0.3406302195842622 0.9446488644853845 0.3402762195842622 0.9314188644853847 0.36272228041573773 0.9303511355146157 0.36307628041573775 0.9435811355146155
4 0.3399530259038723 0.9288616140617094 0.33951002590387225 0.9140946140617093 0.36369297409612766 0.9128048859382906 0.3641359740961277 0.9275718859382907
10 0.43079600682672864 0.46431145394186607 0.43039100682672865 0.4522144539418661 0.4513659931732714 0.4509660460581338 0.4517709931732714 0.46306304605813375
10 0.42809327694876825 0.5322570500141893 0.4285382769487682 0.5207050500141893 0.4461252230512316 0.5219094499858106 0.44568022305123167 0.5334614499858106
12 0.27515502776858475 0.8616597518152797 0.27462002776858474 0.8471807518152797 0.30349097223141525 0.8452842481847201 0.30402597223141525 0.85976324818472
10 0.5654160138623199 0.8275473084666051 0.5640370138623199 0.7968733084666051 0.5741669861376802 0.796063691533395 0.5755459861376803 0.8267376915333949
10 0.27999393074786494 0.9506756949147576 0.2790059307478649 0.9356176949147575 0.304381069252135 0.9326578050852425 0.30536906925213503 0.9477158050852426
10 0.43092400052148006 0.48318102009628866 0.4305790005214801 0.46988602009628866 0.45188799947852 0.46890297990371127 0.45223299947851997 0.48219797990371127
10 0.2785750154119463 0.879602265373675 0.27777701541194627 0.865863265373675 0.3011119845880537 0.863453734626325 0.30190998458805374 0.8771927346263251
11 0.4814710783992394 0.7525257718586995 0.4880751223235825 0.752532325315925 0.48806568943676715 0.769431347677533 0.481461645512424 0.7694247942203075
4 0.2741650157155832 0.9334063691008293 0.2735320157155832 0.9185423691008292 0.2992719842844167 0.9165936308991702 0.2999049842844167 0.9314576308991703
4 0.27445000005294196 0.8964752644457284 0.2743950000529419 0.8814692644457284 0.30002899994705806 0.8813022355542712 0.30008399994705814 0.8963082355542713
11 0.5296269996473343 0.5193409794612587 0.5293589996473343 0.5037309794612588 0.5344360003526659 0.5035760205387414 0.5347040003526659 0.5191860205387414
10 0.4298710237967402 0.5499262994395365 0.4302520237967402 0.5387182994395364 0.4457799762032598 0.5396567005604634 0.4453989762032598 0.5508647005604635
5 0.4776730097798849 0.5230449055375368 0.4768140097798849 0.5093879055375368 0.4811809902201151 0.5088995944624631 0.4820399902201151 0.5225565944624632
10 0.8052511870940167 0.01858855815872418 0.8040664848437903 0.0055055573966129095 0.8268478176066143 0.00183815598645662 0.8280325198568408 0.014921156748567891
10 0.341007021042463 0.8909620750459937 0.34067902104246306 0.8781120750459938 0.3631269789575368 0.8770934249540068 0.3634549789575368 0.8899434249540067
4 0.5730352025452566 0.7554911490660252 0.5680432025452566 0.7255801490660251 0.5773612544953343 0.7228154603214287 0.5823532544953343 0.7527264603214288
4 0.7564079809424038 0.35907343278196147 0.7556139809424038 0.34585543278196146 0.7790090190575963 0.34335706721803855 0.7798030190575963 0.35657506721803855
10 0.676636248666209 0.08646991710552482 0.6761902486662089 0.05874191710552481 0.684822251333791 0.05849508289447512 0.6852682513337911 0.08622308289447513
5 0.5375787509962264 0.7635670363875015 0.5375347509962263 0.7510450363875014 0.5421087490037736 0.7510164636124981 0.5421527490037736 0.7635384636124981
4 0.4329310792568063 0.34242841052578427 0.43358807925680626 0.32926341052578423 0.4552199207431938 0.3311825894742157 0.45456292074319377 0.3443475894742157
10 0.43224800703420163 0.5019872076131602 0.4318050070342016 0.48891420761316023 0.4536899929657984 0.48759579238683987 0.45413299296579845 0.5006687923868398
5 0.5254749993325458 0.3320749370297069 0.525336999332546 0.31904493702970693 0.5294730006674543 0.318967062970293 0.5296110006674541 0.33199706297029297
4 0.9403460293640342 0.052327516477421704 0.9388010293640342 0.0383075164774217 0.9627789706359661 0.0336099835225783 0.964323970635966 0.0476299835225783
4 0.430733229741109 0.4338465926429445 0.430353229741109 0.4215095926429445 0.452079270258891 0.4203199073570555 0.452459270258891 0.4326569073570555
10 0.4278700173129735 0.13848870599986354 0.4323580173129736 0.12708270599986354 0.45129698268702656 0.14033079400013646 0.4468089826870265 0.15173679400013643
5 0.5208530039137964 0.1876051922836035 0.5205970039137964 0.17504419228360354 0.5247199960862037 0.1748948077163965 0.5249759960862037 0.18745580771639647
4 0.5494657548544389 0.24237533270889283 0.5492997548544389 0.23100633270889281 0.5672007451455611 0.23054166729110723 0.5673667451455612 0.24191066729110727
11 0.4706469678315211 0.035168761579723345 0.4684499678315211 0.01888276157972335 0.4746650321684789 0.01739223842027666 0.4768620321684789 0.03367823842027666
11 0.6745527504693838 0.1186708535218031 0.6746327504693839 0.09377985352180311 0.6832597495306161 0.09382914647819691 0.683179749530616 0.11872014647819688
4 0.7606979877300811 0.3824040842918733 0.7597769877300812 0.3699650842918733 0.7830520122699187 0.3669014157081266 0.7839730122699187 0.37934041570812665
10 0.4203410035442265 0.5165276172981351 0.42065500354422647 0.5047726172981352 0.4400759964557735 0.505694882701865 0.4397619964557736 0.517449882701865
5 0.5723760010794793 0.5257482665511785 0.5720390010794792 0.5205812665511785 0.5823109989205209 0.5193902334488217 0.5826479989205209 0.5245572334488218
4 0.4497579186930316 0.5799604856157616 0.44376091193151285 0.5809384058734429 0.4428073774214512 0.5705429154040577 0.44880438418297003 0.5695649951463764
4 0.4472620000275905 0.24624700382574502 0.44704900002759046 0.21671300382574502 0.45586299997240964 0.21659999617425502 0.45607599997240966 0.246133996174255
11 0.5338727574361943 0.4710962689254536 0.5334237574361943 0.45487426892545363 0.5390437425638055 0.4545977310745463 0.5394927425638055 0.47081973107454633
11 0.46418459382387894 -6.245004513516507e-19 0.46974173332740427 -6.245004513516507e-19 0.46974173332740427 0.013075622361236024 0.46418459382387894 0.013075622361236024
11 0.5285820339529662 0.1124503523066298 0.5347929545745532 0.1124503523066298 0.5347929545745532 0.12901280729752876 0.5285820339529662 0.12901280729752876
4 0.4456593828310964 0.09668080949033236 0.45421257064252096 0.09668080949033236 0.45421257064252096 0.12459569110373821 0.4456593828310964 0.12459569110373821
10 0.41501966399607526 0.1586771697406613 0.4381151941237523 0.16227063712374667 0.436900275967668 0.1761522114784068 0.413804745839991 0.17255874409532143
8 0.45002345398262017 0.01029250722004046 0.45462223380434014 0.01029250722004046 0.45462223380434014 0.018176129771560794 0.45002345398262017 0.018176129771560794
10 0.43492124173510016 0.3495582056771179 0.4508261582649248 0.3506119475590105 0.45042216038139915 0.36145255743362154 0.43451724385157453 0.3603988155517289
10 0.4332744072605148 0.37038937143041906 0.45247129098573585 0.3651168563046636 0.45449903164130484 0.37824196117150216 0.4353021479160838 0.38351447629725754
10 0.4703471200021162 0.3688255831933931 0.4749371894854894 0.3688255831933931 0.4749371894854894 0.37134562134112736 0.4703471200021162 0.37134562134112736
8 0.45825371085382716 0.38865082405496254 0.4563558253962104 0.39213965337638307 0.4535291732181812 0.38940602093947746 0.45542705867579797 0.385917191618057
5 0.45862544971112884 0.559716172090161 0.4681107161389163 0.559716172090161 0.4681107161389163 0.5750976852163028 0.45862544971112884 0.5750976852163028
11 0.45873687025267657 0.6901517898757498 0.46461255051867806 0.6957601945255919 0.4560763868644999 0.7116587995535536 0.4502007065984984 0.7060503949037114
8 0.4122066096341924 0.7109824161145073 0.4162981366882124 0.7109824161145073 0.4162981366882124 0.7182562419883205 0.4122066096341924 0.7182562419883205
0 0.4277943502083803 0.7115550479119607 0.43141137629797327 0.7071588438665602 0.43641301727580795 0.7144746769386178 0.432795991186215 0.7188708809840182
8 0.36328044192114006 0.7174825982358596 0.3680739731712755 0.7174825982358596 0.3680739731712755 0.7231269294048507 0.36328044192114006 0.7231269294048507
5 0.2700089617799986 0.8104772729148755 0.27287937705313275 0.8104772729148755 0.27287937705313275 0.8211532034044271 0.2700089617799986 0.8211532034044271
5 0.26305953532925275 0.8096715423118905 0.266383174066566 0.8096715423118905 0.266383174066566 0.821153203404427 0.26305953532925275 0.821153203404427
5 0.2353464401674728 0.8152139803920195 0.23789550542922694 0.8156319289559993 0.23689980443856895 0.8264279700646051 0.23435073917681482 0.8260100215006252
5 0.2629117844930791 0.8091061429452631 0.26307265838011334 0.8043212761346281 0.2728826479905524 0.8049076326058778 0.27272177410351817 0.8096924994165129
5 0.2519077486695038 0.8128805405993124 0.25397751125052703 0.8166816140185518 0.2474711376024353 0.8229800213856514 0.24540137502141207 0.819178947966412
5 0.2387365427516424 0.8126930320730843 0.24719671408298513 0.8126930320730843 0.24719671408298513 0.8169231177387557 0.2387365427516424 0.8169231177387557
8 0.11119082321193327 0.919338618005912 0.11738487722238057 0.919338618005912 0.11738487722238057 0.9271944913850155 0.11119082321193327 0.9271944913850155
2 0.5712632297636763 0.9762192843940287 0.5783928491549297 0.9717393702937791 0.5840945057690905 0.9878708865679962 0.5769648863778369 0.9923508006682457
11 0.5510517714319589 0.9543184121597028 0.559620959162963 0.9531630160611428 0.5609586900320043 0.9708012452974276 0.5523895023010003 0.9719566413959876
5 0.5640759693300457 0.9161563489587364 0.5691343335727049 0.9161563489587364 0.5691343335727049 0.9287339032918348 0.5640759693300457 0.9287339032918348
5 0.5664124412325089 0.8895031944098022 0.5706083578815613 0.8864365491551867 0.575274039590369 0.8977855046630999 0.5710781229413167 0.9008521499177155
5 0.5558311662876798 0.9899835527548179 0.5604038922039586 0.9899835527548179 0.5604038922039586 1.0 0.5558311662876798 1.0
5 0.567059617936285 0.8664550380314592 0.5731577295222123 0.8664550380314592 0.5731577295222123 0.8789639848743867 0.567059617936285 0.8789639848743867
8 0.5659516637247005 0.843884826390996 0.5699388905308836 0.843884826390996 0.5699388905308836 0.8504520234835331 0.5659516637247005 0.8504520234835331
9 0.582604199209348 0.6206001252447402 0.6053548462799224 0.6206001252447402 0.6053548462799224 0.6346726904430336 0.582604199209348 0.6346726904430336
4 0.8232222942172688 0.3810498321982161 0.8288083606833296 0.3790282081438321 0.8302392874945108 0.38605732230401985 0.82465322102845 0.3880789463584039
4 0.8261916833092344 0.4056671440168442 0.8233961168235554 0.40088371360696023 0.8283142094638095 0.3957739060586553 0.8311097759494886 0.4005573364685393
4 0.8247341109335603 0.39251719803193685 0.8266684651250541 0.3968045977983637 0.8218904849759134 0.4006369360429881 0.8199561307844195 0.3963495362765613
4 0.8120967835654777 0.39594839594880604 0.8143908791958728 0.402531452975153 0.806017894673322 0.407718756517747 0.8037237990429268 0.40113569949140004
4 0.8019956840269244 0.3836879178366017 0.807617372048171 0.3836879178366017 0.807617372048171 0.38960548417475577 0.8019956840269244 0.38960548417475577
5 0.7322481219718493 0.37874528165885546 0.7332620440756306 0.3743677132107838 0.7422505244425696 0.37806885218540576 0.7412366023387883 0.3824464206334774
8 0.5577184773983527 0.6125197307330769 0.562870093856249 0.6125197307330769 0.562870093856249 0.6181939749475714 0.5577184773983527 0.6181939749475714
8 0.5669017936928636 0.5805647764725019 0.5698135769081965 0.5805647764725019 0.5698135769081965 0.5847457985252874 0.5669017936928636 0.5847457985252874
8 0.5702254777238324 0.5817306682735321 0.573809210911934 0.5817306682735321 0.573809210911934 0.5853144014616339 0.5702254777238324 0.5853144014616339
8 0.5518935220345359 0.5313791183058881 0.5571381152979866 0.5313791183058881 0.5571381152979866 0.5376215647942115 0.5518935220345359 0.5376215647942115
10 0.5571500132343589 0.3877174077264776 0.5494353797640802 0.3837844573298669 0.5573259180639395 0.35626873402777953 0.5650405515342183 0.3602016844243904
5 0.5486399447407285 0.31338335043120025 0.5420805038858977 0.3147127414698031 0.5401984416693422 0.2982035607013983 0.546757882524173 0.29687416966279545
8 0.45732432486714053 0.3326740912364623 0.4617852752274323 0.3326740912364623 0.4617852752274323 0.3375965192202324 0.45732432486714053 0.3375965192202324
8 0.4597215507295164 0.38755281348813414 0.45634291495399615 0.3874651788605725 0.45638407940599063 0.38464377379003756 0.4597627151815109 0.38473140841759923
8 0.44055583087643996 0.5587333046831298 0.4422924278637674 0.5645403379952464 0.4388529430318641 0.5663689248679052 0.43711634604453675 0.5605618915557886
8 0.4496799445380472 0.5676518179985468 0.4473882051796072 0.5652133371249888 0.4490721172725712 0.5623998640783008 0.4513638566310112 0.5648383449518589
8 0.4527247040629318 0.5764744677368173 0.4496246205340878 0.5756766189880765 0.45006972385951 0.5726020011709293 0.453169807388354 0.5733998499196701
8 0.43777179820491763 0.5815321749403555 0.440509079861977 0.5838448617529219 0.4387556547815707 0.5875343603596078 0.4360183731245113 0.5852216735470415
8 0.4405920981463804 0.5659092374261508 0.44361208258081314 0.5668853940110179 0.4429997661775783 0.5702531342288099 0.43997978174314556 0.5692769776439428
8 0.441716091778842 0.5720860553960618 0.4421212365064898 0.5759920661036385 0.4396028335148735 0.5764564524708871 0.4391976887872257 0.5725504417633104
10 0.4566113801725098 0.5888613754112892 0.46633924833026336 0.5888613754112892 0.46633924833026336 0.6135754188390959 0.4566113801725098 0.6135754188390959
10 0.4470875622232458 0.6642994651871422 0.45694688805880695 0.6642994651871422 0.45694688805880695 0.6793732789090661 0.4470875622232458 0.6793732789090661
10 0.4470615967530634 0.7919866931766627 0.4544289767807717 0.7798181639844367 0.4706771698953481 0.7973068640452685 0.4633097898676397 0.8094753932374945
10 0.44092994029050603 0.802734698867924 0.44534679811163475 0.7946441171574522 0.4587498973537985 0.8076522923602575 0.4543330395326698 0.8157428740707293
10 0.4605482306760754 0.7575734105590157 0.4689063281957524 0.7575734105590157 0.4689063281957524 0.7816811204116895 0.4605482306760754 0.7816811204116895
10 0.4592072582070361 0.9037383907493384 0.4676948186612698 0.9116731215954423 0.45397115180746156 0.9377705864321914 0.4454835913532279 0.9298358555860874
4 0.9266005220868643 0.04263472725801774 0.9275720895776776 0.058184771774013065 0.9032643412867187 0.06088477039131767 0.9022927737959054 0.04533472587532234
8 0.7925742641419633 0.032991455767299116 0.8001726899781344 0.032991455767299116 0.8001726899781344 0.04052493779290286 0.7925742641419633 0.04052493779290286
12 0.7402345934052035 0.054193080770404994 0.7418231147114391 0.0701148115639372 0.7132782573284943 0.07517781379088238 0.7116897360222586 0.059256082997350176
8 0.715668610381718 0.04744591812365988 0.7221065844692212 0.04744591812365988 0.7221065844692212 0.05618595567275515 0.715668610381718 0.05618595567275515
8 0.7052507977673946 0.06242883963639454 0.710752339260352 0.06242883963639454 0.710752339260352 0.0699203003927619 0.7052507977673946 0.0699203003927619
1 0.6580067129312597 0.0 0.6700218252520144 0.0 0.6700218252520144 0.04556842598686297 0.6580067129312597 0.04556842598686297
1 0.2665251575124933 0.3765516359146559 0.2759240295658306 0.3765516359146559 0.2759240295658306 0.4001234102706447 0.2665251575124933 0.4001234102706447
10 0.2792807695848796 0.37595488213349154 0.2904699029817097 0.37595488213349154 0.2904699029817097 0.4040023098482124 0.2792807695848796 0.4040023098482124
10 0.26809163618804943 0.42876759176652984 0.2761478122337671 0.42876759176652984 0.2761478122337671 0.44935559721669716 0.26809163618804943 0.44935559721669716
4 0.3383593939201437 0.49709589970984 0.3482058313093542 0.49709589970984 0.3482058313093542 0.5211717992224143 0.3383593939201437 0.5211717992224143
5 0.2601891200561186 0.781873836508906 0.2638149077695512 0.781873836508906 0.2638149077695512 0.7949669588074134 0.2601891200561186 0.7949669588074134
5 0.26515130659960845 0.7800429399844302 0.26875693880289686 0.7805519747267301 0.26772296198260026 0.7935723132386058 0.2641173297793119 0.7930632784963059
5 0.25377945412693803 0.7812300445698688 0.2564883879552617 0.7813176933143902 0.2562501641150987 0.7944069622615711 0.253541230286775 0.7943193135170499
5 0.2569243576678921 0.7812300445698688 0.25963329149621583 0.7813176933143902 0.25939506765605286 0.7944069622615711 0.25668613382772915 0.7943193135170499
5 0.2594337476158202 0.8110815708671142 0.2620020139128349 0.8110815708671142 0.2620020139128349 0.8219589340074116 0.2594337476158202 0.8219589340074116
5 0.2559662898655376 0.8094687998204713 0.2585345561625523 0.8094687998204713 0.2585345561625523 0.8203461629607687 0.2559662898655376 0.8203461629607687
5 0.24131369304005232 0.7872592822502059 0.24386275830180648 0.7876772308141858 0.2428670573111485 0.7984732719227915 0.24031799204939436 0.7980553233588116
5 0.231314512550865 0.8140312816244811 0.23386357781261916 0.8144492301884609 0.23286787682196117 0.8252452712970667 0.23031881156020703 0.8248273227330868
8 0.2475698447607083 0.7986972847035152 0.2531457398515612 0.7961809833291807 0.25392131219296565 0.7992362683104698 0.24834541710211275 0.8017525696848042
8 0.24784450227452542 0.8052788399665277 0.2519821286599352 0.8031495351600004 0.2526789920511623 0.8055568814206027 0.2485413656657525 0.8076861862271298
5 0.2296211029518897 0.7917750411808063 0.23217016821364383 0.7921929897447862 0.23117446722298587 0.8029890308533919 0.2286254019612317 0.8025710822894121
5 0.23357239201616536 0.792097595390135 0.23612145727791953 0.7925155439541149 0.23512575628726154 0.8033115850627206 0.23257669102550738 0.8028936364987408
5 0.23703984976644807 0.7890870894364014 0.23958891502820223 0.7895050380003813 0.23859321403754424 0.8003010791089871 0.23604414877579008 0.7998831305450071
5 0.21551834555660787 0.8139282321665828 0.21806741081836203 0.8143461807305626 0.21707170982770405 0.8251422218391684 0.21452264456594988 0.8247242732751885
5 0.2269600307249286 0.8137087274151523 0.22950909598668276 0.8141266759791322 0.22851339499602477 0.824922717087738 0.2259643297342706 0.8245047685237581
8 0.1610053511839417 0.8984378867677048 0.16565123718521282 0.894976246217737 0.16688310559894756 0.8979154410294541 0.16223721959767642 0.9013770815794219
8 0.1613010229921743 0.9035628647770705 0.16594690899344544 0.9001012242271027 0.16717877740718018 0.9030404190388197 0.162532891405909 0.9065020595887875
8 0.36829945459614605 0.8922549344718472 0.3696709158915664 0.8944975755838558 0.3661723957568331 0.8983010949098217 0.3648009344614127 0.8960584537978132
8 0.36647644836056126 0.8880880630762246 0.36784790965598163 0.8903307041882331 0.3643493895212483 0.894134223514199 0.3629779282258279 0.8918915824021906
8 0.5543064067129139 0.7215067704855419 0.559189207594206 0.7215067704855419 0.559189207594206 0.7284994235994912 0.5543064067129139 0.7284994235994912
8 0.5617029458256861 0.7990914627457929 0.5647773019361293 0.7990914627457929 0.5647773019361293 0.8053607379514027 0.5617029458256861 0.8053607379514027
8 0.6140633285678399 0.32850581547737706 0.6177392256997118 0.32850581547737706 0.6177392256997118 0.3332813399563901 0.6140633285678399 0.3332813399563901
