5 0.5308781550480769 0.7160086137820513 0.525242820208001 0.717041832147762 0.5232451923076922 0.6976722756410255 0.5288805271477681 0.6966390572753148
11 0.5218975360576923 0.4155709134615384 0.5152176839654236 0.4170229187441445 0.5119696514423077 0.390458733974359 0.5186495035345764 0.38900672869175285
5 0.49148098915047045 0.29358442427007286 0.4841019891504704 0.28049542427007285 0.48872751084952953 0.2758595757299271 0.49610651084952956 0.2889485757299271
5 0.49130108173076936 0.1806547619047619 0.4863898982858182 0.1813657578432442 0.48494337056645515 0.16360247340489123 0.4898545540114063 0.1628914774664089
10 0.4733699200312343 0.19186620539497024 0.48373057606456044 0.19071943681318676 0.48569354967717293 0.22224794372803186 0.47533289364384684 0.22339471230981534
9 0.4996499735611046 0.22204313872277312 0.48811221019076195 0.22372410985106142 0.48480763927388815 0.18340100890301353 0.4963454026442307 0.18172003777472526
11 0.4900481842376373 0.13391998626373625 0.4840944595671442 0.13508328709121295 0.48176464728165336 0.11388527604598975 0.48771837195214646 0.11272197521851304
11 0.4927970467032967 0.15648466117216114 0.4872242629415568 0.15732684029105592 0.4852948336418394 0.1346295472443624 0.4908676174035793 0.13378736812546763
6 0.5034447973901098 0.14823217147435896 0.49592745366090435 0.14936821948715945 0.4944101324055756 0.131518855852421 0.5019274761347811 0.13038280783962053
13 0.5237895752644316 0.32935851656719495 0.5121986175752274 0.33449615862114496 0.5026171590549471 0.29606667274045173 0.5142081167441513 0.2909290306865017
11 0.4846432864010989 0.30257268772893775 0.4914202512516194 0.29996623752800233 0.4949315333104395 0.3161966288919414 0.4881545684599189 0.3188030790928768
2 0.460010422743823 0.04440369880322452 0.46794431827697225 0.04379128206922828 0.46878690297733067 0.06319703379750811 0.4608530074441814 0.06380945053150437
11 0.47073181153222055 0.023102552022714835 0.47732430643999935 0.020997937866050413 0.48023909684065935 0.037229567307692314 0.4736466019328805 0.03933418146435674
5 0.4908734219195925 0.046833176345565185 0.48707655532818067 0.04757642742724403 0.4853714269815062 0.032090959414508104 0.489168293572918 0.03134770833282926
6 0.5131007779861942 0.029949776356574184 0.5147337525755495 0.0438179658882784 0.49857021703441023 0.047201522865037544 0.49693724244505494 0.033333333333333326
5 0.48977311588426453 0.06514637185306887 0.48818252060439554 0.05515467605311362 0.4983777469248014 0.05226935044546587 0.49996834220467035 0.062261046245421135
11 0.5045122265740153 0.04901178219883126 0.49890431833791216 0.05827180631868134 0.48808681075759164 0.046625359120870465 0.49369471899369477 0.03736533500102039
11 0.5433311837504002 0.6090534192514319 0.536598374381779 0.6099729665889059 0.5345414124034455 0.5831981833126703 0.5412742217720666 0.5822786359751962
11 0.5640140350547956 0.6327579639679106 0.5574152929193229 0.6347637138507464 0.5529285731182811 0.6085220841090121 0.5595273152537539 0.6065163342261763
11 0.5531017127403848 0.777822516025641 0.544779998252131 0.7783282817771326 0.5438086381601346 0.7499150179440036 0.5521303526483884 0.7494092521925119
11 0.5346485883915617 0.9207737217932365 0.5424974882024072 0.9196177825343929 0.5448015318007458 0.9474304048093277 0.5369526319899003 0.9485863440681713
5 0.5598116461619871 0.9384834151087318 0.5648885606760561 0.9375451575162276 0.5671857997514743 0.9596435880963964 0.5621088852374054 0.9605818456889006
11 0.09076692708333331 0.4849982638888889 0.08337848922742312 0.49246894228574284 0.07146937491371196 0.47153025161586787 0.07885781276962216 0.464059573219014
6 0.37383188994389394 0.3038084670169057 0.3789505208333333 0.3163645833333333 0.3615813147912609 0.32895255982492405 0.3564626839018215 0.31639644350849655
6 0.354757180897724 0.3192095614851192 0.3592239583333333 0.3301666666666666 0.3437792774356092 0.3413598829593252 0.33931249999999996 0.3304027777777778
6 0.34073822304054574 0.3313856842093487 0.3447382812499999 0.34119791666666666 0.32870057904278743 0.3528209130128736 0.3247005208333333 0.34300868055555567
6 0.31229441580954714 0.3541427528850649 0.31687760416666655 0.3653854166666668 0.30091912585711933 0.3769509971149352 0.2963359374999999 0.36570833333333325
6 0.27493229166666666 0.39508854166666657 0.2713297393419009 0.3860218375919632 0.28778311826691816 0.3743995015254656 0.29138567059168397 0.383466205600169
8 0.05926705963130437 0.41431837560113405 0.06365768637809288 0.4093314909010786 0.06757595292813645 0.4154644298489737 0.06318532618134794 0.4204513145490291
8 0.1327089469821743 0.4761527558654862 0.1354233836171072 0.47213723889702175 0.14076661184127368 0.47855848685062663 0.13805217520634078 0.4825740038190911
8 0.2754530353520796 0.3749533860605661 0.2778679995199254 0.37287219742811395 0.281324259213105 0.3800020916379443 0.2789092950452592 0.38208328027039645
8 0.28243636457185994 0.37111940139088284 0.28485132873970576 0.3690382127584307 0.28830758843288534 0.37616810696826103 0.2858926242650395 0.37824929560071324
8 0.299175815495745 0.35455111049689436 0.3015907796635908 0.35246992186444215 0.30504703935677036 0.3595998160742725 0.30263207518892454 0.3616810047067247
8 0.35468386698692245 0.314331082890495 0.3578035036463216 0.31164261552548467 0.3597482164345172 0.315654350082266 0.3566285797751181 0.3183428174472763
8 0.31036218366135676 0.34829895940126193 0.3129900376547024 0.34603430474033015 0.316446297347882 0.3531641989501605 0.31381844335453635 0.3554288536110923
8 0.3353521835322648 0.3192628209866604 0.33847182019166394 0.3165743536216501 0.34192807988484347 0.32370424783148044 0.33880844322544434 0.32639271519649077
8 0.342803775953807 0.3247180477281916 0.34592341261320614 0.32202958036318124 0.3478681254014018 0.3260413149199626 0.34474848874200265 0.3287297822849729
8 0.5250095583410961 0.4095913400116349 0.528173924648002 0.40924549400281474 0.5287887619970155 0.41924645418266543 0.5256243956901097 0.4195923001914856
8 0.48414791118353717 0.23546399919156602 0.4887339925973554 0.23546399919156602 0.4887339925973554 0.24737997141208498 0.48414791118353717 0.24737997141208498
8 0.49908207373622837 0.2622749366877338 0.502257053176564 0.2622749366877338 0.502257053176564 0.2726230178266059 0.49908207373622837 0.2726230178266059
8 0.5026098286699369 0.2597663109570994 0.5057848081102724 0.2597663109570994 0.5057848081102724 0.2682329227979938 0.5026098286699369 0.2682329227979938
8 0.5043737061367908 0.2740341198000893 0.5075486855771263 0.2740341198000893 0.5075486855771263 0.2840686227226311 0.5043737061367908 0.2840686227226311
8 0.5013163185275787 0.3080573562718342 0.5044912979679143 0.3080573562718342 0.5044912979679143 0.31809185919437605 0.5013163185275787 0.31809185919437605
8 0.4830964602425131 0.3572053320606907 0.48620758723464 0.3563606011655661 0.4877093310481949 0.3661932988196954 0.484598204056068 0.3670380297148201
8 0.5222487423617929 0.4073506777675627 0.5254131086686988 0.4070048317587425 0.5260279460177123 0.4170057919385932 0.5228635797108064 0.4173516379474133
6 0.5016984152552248 0.42898562530500906 0.5086770234528025 0.42699741784131084 0.5118457290980716 0.4467701410677808 0.504867120900494 0.44875834853147906
8 0.4966137025159 0.5077360231114477 0.5005723609656082 0.5077360231114477 0.5005723609656082 0.5171614003726578 0.4966137025159 0.5171614003726578
8 0.5496027129110959 0.6112224695201616 0.5530622440711143 0.6101461709370466 0.5544748859614527 0.6182184103104227 0.5510153548014343 0.6192947088935377
8 0.5529920455431123 0.9129005990010975 0.5573713098367525 0.9129005990010975 0.5573713098367525 0.9231486732664866 0.5529920455431123 0.9231486732664866
8 0.5548310999345706 0.9481708954282475 0.5587192942080542 0.9468003441900863 0.5602725856113037 0.9546343356151792 0.55638439133782 0.9560048868533404
8 0.4966711826109168 0.17966303790783253 0.5000515228148927 0.17966303790783253 0.5000515228148927 0.18961626184176172 0.4966711826109168 0.18961626184176172
8 0.5037135580358667 0.17975693624683192 0.5071643219940921 0.17975693624683192 0.5071643219940921 0.1887711767907678 0.5037135580358667 0.1887711767907678
8 0.5025163542136252 0.1898040585197604 0.5052628806293556 0.1898040585197604 0.5052628806293556 0.19740982397870627 0.5025163542136252 0.19740982397870627
8 0.5071643219940922 0.1882077867567718 0.5099812721640721 0.1882077867567718 0.5099812721640721 0.1969403322837097 0.5071643219940922 0.1969403322837097
6 0.519081024109298 0.13258152746775703 0.5216447163920386 0.12696780561286825 0.5327625377287587 0.13599415560901892 0.5301988454460181 0.14160787746390774
8 0.5092516455406308 0.12115753882213313 0.5125237080147574 0.12115753882213313 0.5125237080147574 0.1278352173407589 0.5092516455406308 0.1278352173407589
