4 0.6674450139443884 0.7021450282376215 0.6677210139443884 0.6878700282376213 0.6955759860556113 0.6888274717623787 0.6952999860556113 0.7031024717623788
4 0.8661529937504382 0.746191836049389 0.8656329937504383 0.732548836049389 0.8900970062495619 0.7308911639506109 0.8906170062495617 0.7445341639506109
4 0.09546124557619069 0.05392877958833095 0.0947862455761907 0.02028177958833095 0.10792425442380935 0.019813220411669066 0.10859925442380934 0.05346022041166907
4 0.659154701070031 0.16053447276941413 0.6572767010700311 0.12984247276941416 0.667447737649595 0.1287360704237333 0.6693257376495949 0.15942807042373328
4 0.4794492493871463 0.2803898279438854 0.47933224938714625 0.24744782794388542 0.4887802506128536 0.2473881720561146 0.4888972506128536 0.28033017205611455
12 0.6718229916165983 0.7486847129250106 0.6713949916165983 0.7340257129250105 0.6995310083834017 0.7325652870749899 0.6999590083834016 0.74722428707499
13 0.00020586412875390182 0.8504637353275549 0.0001468641287539028 0.816361735327555 0.0516696358712461 0.8162032646724454 0.0517286358712461 0.8503052646724455
12 0.39988100806088156 0.10635605276971759 0.39533000806088164 0.07656405276971756 0.4046759919391184 0.07402594723028239 0.4092269919391184 0.1038179472302824
10 0.13148007641623524 0.0544249218621933 0.11999207641623523 0.02858892186219329 0.12919692358376475 0.021312578137806695 0.14068492358376478 0.04714857813780671
4 0.9046477951811605 0.7383728144596758 0.9039157951811604 0.7251818144596759 0.9286857048188394 0.7227381855403244 0.9294177048188395 0.7359291855403244
10 0.37685930618315083 0.795948287867288 0.3819593061831508 0.7840872878672879 0.4008096938168491 0.7984967121327122 0.3957096938168491 0.8103577121327122
4 0.3694789963347024 0.2535930915823789 0.37071299633470245 0.2227560915823789 0.3810420036652975 0.22349090841762112 0.3798080036652975 0.2543279084176211
10 0.5633370003668202 0.42635400857931616 0.5628270003668202 0.4144260085793161 0.5877049996331799 0.4125349914206839 0.5882149996331799 0.42446299142068394
10 0.41371400006359904 0.30097602664579165 0.41364600006359903 0.27250402664579165 0.4237859999364009 0.27246097335420844 0.4238539999364009 0.30093297335420843
4 0.29801964834906763 0.9994775584394192 0.2988426483490676 0.9731105584394193 0.30825766578911384 0.9736330000000003 0.3074346657891139 1.0000000000000002
10 0.6306760308842874 0.7916374455059161 0.6284993923919354 0.7620925934727074 0.6380245636338485 0.7608450526920011 0.6402012021262005 0.7903899047252099
10 0.08636199741156253 0.04854286031254359 0.08583399741156252 0.020035860312543587 0.09514900258843749 0.01972913968745641 0.09567700258843749 0.048236139687456416
10 0.891428002217566 0.22370411130844847 0.890802002217566 0.19229211130844848 0.9012799977824341 0.1919208886915515 0.9019059977824341 0.2233328886915515
10 0.8874830263147038 0.15439324578412503 0.8864200263147037 0.12230624578412504 0.898224052725016 0.12161104253051727 0.8992870527250161 0.15369804253051728
4 0.012889966307615224 0.03698208166741407 0.023584544441527362 0.011058934083659499 0.035192333802510335 0.01957233169528611 0.024497755668598187 0.04549547927904068
11 0.4668689973037042 0.36804284084254346 0.4667649973037042 0.35215884084254345 0.47219300269629566 0.35209565915745666 0.47229700269629565 0.3679796591574567
10 0.564437123655818 0.6488370450327403 0.564326123655818 0.6376300450327402 0.5816979991119706 0.637324160309798 0.5818089991119706 0.6485311603097981
4 0.3907030020353845 0.14590502283617643 0.38796400203538445 0.11517502283617641 0.39790399796461534 0.11359997716382358 0.40064299796461533 0.14432997716382362
5 0.4632140004777188 0.2552191516582971 0.4631580004777188 0.23752215165829715 0.4690779995222813 0.23748884834170284 0.4691339995222813 0.2551858483417028
1 0.46245775037503006 0.9778932002419242 0.4623867503750301 0.9401982002419242 0.47295874962497003 0.940162799758076 0.47302974962497 0.977857799758076
10 0.3636941055485239 0.8298307475295978 0.3649767434792635 0.8165733290588975 0.3879864952409455 0.8205309529627147 0.3867038573102059 0.8337883714334151
11 0.362810843734753 0.027269081442519518 0.36377435314890055 0.019690372410600544 0.3753766459225962 0.022312670281255612 0.3744131365084486 0.029891379313174583
5 0.427043226711273 0.49194788053358046 0.42625322671127297 0.47940588053358046 0.4308992732887271 0.4788856194664193 0.43168927328872714 0.4914276194664193
5 0.4052102440360261 0.7078547851976179 0.40481924403602604 0.6937587851976179 0.40937325596397384 0.6935342148023816 0.4097642559639739 0.7076302148023816
10 0.042096081497707674 0.02600052092505474 0.052310571861122035 0.02600052092505474 0.052310571861122035 0.03755630800285685 0.042096081497707674 0.03755630800285685
10 0.06345365225757407 0.025587814243704664 0.0724300225769382 0.025587814243704664 0.0724300225769382 0.0334292411893561 0.06345365225757407 0.0334292411893561
10 0.053239161894159705 0.02517510756235458 0.06128694218048617 0.02517510756235458 0.06128694218048617 0.035492774596106474 0.053239161894159705 0.035492774596106474
10 0.030643471090243082 0.0 0.08635887307250326 0.0 0.08635887307250326 0.02063533406750376 0.030643471090243082 0.02063533406750376
4 0.1686542241673042 0.026266512520780046 0.16497309242228048 0.0161409847811884 0.18078336262983383 0.005922642204295227 0.18446449437485754 0.016048169943886872
4 0.17847241935325747 0.0011245899140091846 0.18378610669695114 0.0011245899140091846 0.18378610669695114 0.006410162509852355 0.17847241935325747 0.006410162509852355
10 0.20276356149585623 0.00011245899140091857 0.22713904788200528 0.00011245899140091857 0.22713904788200528 0.010908522165889101 0.20276356149585623 0.010908522165889101
10 0.24020275106374747 0.019082635098980998 0.2488040397101838 0.02776310779469237 0.2361433446041058 0.05006569110410182 0.22754205595766946 0.041385218408390455
11 0.3486016751938427 0.029144765461374466 0.35427922690709746 0.029144765461374466 0.35427922690709746 0.035011568898404385 0.3486016751938427 0.035011568898404385
8 0.36378912602679914 0.03198354131800185 0.3684731061902344 0.03198354131800185 0.3684731061902344 0.03822884820258209 0.36378912602679914 0.03822884820258209
8 0.40040933457729244 0.045798917153588456 0.40537719232639036 0.045798917153588456 0.40537719232639036 0.05204422403816869 0.40040933457729244 0.05204422403816869
11 0.4925420379625841 0.07541849920547553 0.4858547316899493 0.07252356142511332 0.49022127275725863 0.054591632775367875 0.4969085790298935 0.05748657055573008
11 0.4797186282011723 0.11944884418349795 0.4727834628896026 0.11790674102608019 0.47510947376713164 0.09931018144421151 0.4820446390787013 0.10085228460162929
11 0.40097897255973175 0.20132715446011498 0.39400200170366484 0.20016779311814226 0.3957507090319935 0.18145913248832923 0.40272767988806035 0.18261849383030196
10 0.8323357940756507 -3.944628601021058e-20 0.8494039458022651 -3.944628601021058e-20 0.8494039458022651 0.007023930751693257 0.8323357940756507 0.007023930751693257
10 0.7511269037840461 0.017049649719760335 0.7723579996811261 0.012491810635699496 0.7738787450635425 0.025085338383739657 0.7526476491664625 0.029643177467800493
10 0.889421236794844 0.19143460162680387 0.8883582367948438 0.15934760162680386 0.9001622632051561 0.1586523983731961 0.9012252632051563 0.1907393983731961
4 0.661738981710218 0.20791295117284042 0.6598609817102181 0.17722095117284045 0.670032018289782 0.17611454882715963 0.6719100182897819 0.2068065488271596
4 0.6192015289924062 0.21627305423453622 0.6270071444145041 0.22136337756838376 0.6193164480532033 0.24232886284085464 0.6115108326311055 0.2372385395070071
10 0.5568430473752629 0.47932661866276133 0.5646423113051958 0.47932661866276133 0.5646423113051958 0.504524240590237 0.5568430473752629 0.504524240590237
10 0.6326940003410267 0.7592760004209613 0.6327350003410268 0.7295890004209614 0.6423059996589733 0.7296124995790387 0.6422649996589732 0.7592994995790386
10 0.614492006171831 0.6657371698140185 0.6264908737563433 0.6657371698140185 0.6264908737563433 0.7163323947953781 0.614492006171831 0.7163323947953781
5 0.5786647780134245 0.3046759928544406 0.5753595547028222 0.3078515995646259 0.570490291080538 0.2988418056512799 0.5737955143911404 0.29566619894109464
5 0.4871841312378049 0.18963617787235992 0.4916345207612619 0.1995680164306191 0.48849719888587 0.20206723894152434 0.48404680936241307 0.19213540038326515
5 0.48183620294397583 0.21918148910439827 0.4902919840188403 0.21918148910439827 0.4902919840188403 0.22405431209669308 0.48183620294397583 0.22405431209669308
7 0.4896402152316714 0.22885464067160816 0.49726469099165016 0.23101761251840638 0.4959387594793094 0.23932678332909155 0.4883142837193306 0.2371638114822933
8 0.47603076979707426 0.32166932770806483 0.48038774598507045 0.32166932770806483 0.48038774598507045 0.3279765694278309 0.47603076979707426 0.3279765694278309
4 0.48187632275840786 0.4870783424849213 0.4896596413475946 0.4857955301521102 0.491297616545033 0.5034634929231984 0.48351429795584633 0.5047463052560095
8 0.4838700577428467 0.5402797795004324 0.4870039311738237 0.5402797795004324 0.4870039311738237 0.5442493525130032 0.4838700577428467 0.5442493525130032
5 0.4626864597912836 0.5855263028329752 0.46684323652274623 0.5855263028329752 0.46684323652274623 0.5994777833569643 0.4626864597912836 0.5994777833569643
5 0.5006765904482529 0.9020683297703037 0.5244705538076603 0.9020683297703037 0.5244705538076603 0.9171665073236626 0.5006765904482529 0.9171665073236626
8 0.22589937204632046 0.0298452665803852 0.2305684168180985 0.0298452665803852 0.2305684168180985 0.03661995899433766 0.22589937204632046 0.03661995899433766
10 0.1874484151022659 0.07616951470822234 0.19143083564290014 0.07616951470822234 0.19143083564290014 0.08202870814731636 0.1874484151022659 0.08202870814731636
8 0.27561096638113386 0.07507091593839221 0.27863211299816676 0.07507091593839221 0.27863211299816676 0.07818361245291092 0.27561096638113386 0.07818361245291092
8 0.2764349154585069 0.07873291183782598 0.28137860992274216 0.07873291183782598 0.28137860992274216 0.08385970609703323 0.2764349154585069 0.08385970609703323
12 0.39312691809190076 0.34679255115301727 0.3981680604841545 0.34679255115301727 0.3981680604841545 0.35371176620120875 0.39312691809190076 0.35371176620120875
12 0.3446429897899307 0.2916365226260056 0.3496841321821844 0.2916365226260056 0.3496841321821844 0.2985557376741971 0.3446429897899307 0.2985557376741971
12 0.34301203195714275 0.327616440876601 0.3480531743493965 0.327616440876601 0.3480531743493965 0.3345356559247925 0.34301203195714275 0.3345356559247925
4 0.3795683099201326 0.32049446532636494 0.38535471072504396 0.31685729910613486 0.3879676951168668 0.32424755799209837 0.3821812943119554 0.32788472421232845
7 0.38394678768533685 0.40060879934890375 0.39110694945427527 0.40060879934890375 0.39110694945427527 0.4173608759403823 0.38394678768533685 0.4173608759403823
7 0.38309325225762136 0.444707838037943 0.3831922522576213 0.426750838037943 0.3902142477423786 0.42681966196205706 0.3901152477423787 0.44477666196205706
7 0.3836958961508661 0.5257343357255307 0.39229211853788576 0.5253249918023395 0.3926177330222424 0.5374812658849931 0.3840215106352227 0.5378906098081844
4 0.3881192622664007 0.5591975759898264 0.3930717578896792 0.5591975759898264 0.3930717578896792 0.5701451978939157 0.3881192622664007 0.5701451978939157
7 0.383485748099335 0.45662639468428323 0.3901877010545837 0.45662639468428323 0.3901877010545837 0.47128133181309384 0.383485748099335 0.47128133181309384
7 0.38509421680859485 0.4818257377960185 0.39099193540921395 0.4818257377960185 0.39099193540921395 0.4945147687246235 0.38509421680859485 0.4945147687246235
10 0.3955492634187829 0.754550543388275 0.40399372414239626 0.754550543388275 0.40399372414239626 0.781537073954743 0.3955492634187829 0.781537073954743
10 0.3952939471328228 0.8779119437014713 0.4046771236524334 0.8788352575041384 0.40283179080504083 0.9121742709470536 0.3934486142854302 0.9112509571443865
5 0.42128476276693794 0.8281826665232752 0.42570805171740217 0.8281826665232752 0.42570805171740217 0.8435524786339791 0.42128476276693794 0.8435524786339791
8 0.40553653187293287 0.8957116152810246 0.40811646884621056 0.8976158544755873 0.40622176002537397 0.9021794542160959 0.4036418230520962 0.9002752150215332
7 0.49912159970596115 0.060936407971978364 0.5127176262158382 0.060936407971978364 0.5127176262158382 0.07404101183691993 0.49912159970596115 0.07404101183691993
4 0.27508924127997686 0.9996655292197097 0.2759122412799769 0.9732985292197098 0.2853272587200231 0.9738209707802907 0.2845042587200231 1.0001879707802905
8 0.40989981916175905 0.8971993174933263 0.4124797561350368 0.8991035566878889 0.40988306632426946 0.9053579493503805 0.4073031293509918 0.9034537101558178
8 0.4767246459553914 0.21796390404910554 0.4804295198310889 0.21796390404910554 0.4804295198310889 0.22676297950388735 0.4767246459553914 0.22676297950388735
8 0.4555882896034117 0.1321584146740059 0.45915066833004403 0.1321584146740059 0.45915066833004403 0.14131881711391758 0.4555882896034117 0.14131881711391758
7 0.2853589546991011 0.005604907284905566 0.3036916722768131 0.005604907284905566 0.3036916722768131 0.017437489330817315 0.2853589546991011 0.017437489330817315
