11 0.5595515839041096 0.45745041381278534 0.5674165285634526 0.45850648029820756 0.5656597816780824 0.481765482305936 0.5577948370187393 0.4807094158205138
11 0.5623836151541096 0.4029823059360729 0.5702485598134527 0.40403837242149515 0.5684918129280824 0.4272973744292236 0.5606268682687394 0.4262413079438014
11 0.5810397323671718 0.43583586737445124 0.5731446762797897 0.4353146945794071 0.5740116374958418 0.41196664404107364 0.5819066935832239 0.41248781683611774
11 0.5735835532599275 0.8938061604602907 0.565724600705177 0.8926735628764574 0.5676086556441816 0.8694322813205314 0.575467608198932 0.8705648789043646
11 0.5816978859260263 0.5643725733448214 0.5740033711472603 0.5650346033105023 0.5727599995633053 0.5393435445993197 0.5804545143420712 0.5386815146336388
6 0.5334702388030965 0.9569856407581014 0.5413680737460443 0.9574256421634495 0.5406361396215609 0.9807819106117613 0.532738304678613 0.9803419092064132
6 0.5339250761318637 0.9217277212375535 0.5418229110748115 0.9221677226429016 0.541090976950328 0.9455239910912134 0.5331931420073802 0.9450839896858653
6 0.5333297743339185 0.8772428468083295 0.5412276092768663 0.8776828482136777 0.5404956751523828 0.9010391166619894 0.532597840209435 0.9005991152566414
11 0.5652251425698176 0.3037170407388665 0.5731194295098905 0.3042585303542123 0.5722186716425117 0.3276043062930967 0.564324384702439 0.327062816677751
4 0.5481750027385676 0.35767419537560896 0.5605849382127812 0.3582723339942471 0.5593348672945206 0.40438070776255697 0.546924931820307 0.4037825691439188
6 0.6605293336826236 0.7407526710653153 0.6612331442636986 0.7545608590182645 0.6418358204269655 0.7563185332725837 0.6411320098458905 0.7425103453196344
11 0.7529364975749779 0.741582480834885 0.7530203372141026 0.7310434386353839 0.7705518371852963 0.7312913776126037 0.7704679975461717 0.7418304198121047
11 0.9093452083149224 0.7151768814776965 0.9100711811697455 0.7256719733164355 0.8926127918032768 0.7278188929476914 0.8918868189484537 0.7173238011089524
8 0.5216715115733264 0.9706851257864286 0.5261686797765447 0.9706851257864286 0.5261686797765447 0.98289965670875 0.5216715115733264 0.98289965670875
8 0.525835556205936 0.920494507814708 0.5294999154826323 0.920494507814708 0.5294999154826323 0.9327090387370295 0.525835556205936 0.9327090387370295
8 0.5302986045456517 0.9281587193557586 0.5332633829182009 0.9275642775768014 0.5340312035493539 0.9343722871730251 0.5310664251768047 0.9349667289519824
8 0.5273346122736754 0.8501313521935687 0.5309989715503718 0.8501313521935687 0.5309989715503718 0.8570159059861499 0.5273346122736754 0.8570159059861499
8 0.5636450814700308 0.5987340975741542 0.5671428789614227 0.5987340975741542 0.5671428789614227 0.6045082394647062 0.5636450814700308 0.6045082394647062
8 0.5545471858227939 0.3238201823568661 0.5603908254443042 0.3238201823568661 0.5603908254443042 0.33329635471607205 0.5545471858227939 0.33329635471607205
8 0.7724607287299744 0.7532583889967128 0.7748712997255406 0.749699790078143 0.779288870796869 0.7550196708959442 0.7768782998013029 0.7585782698145142
8 0.7719321128374494 0.7445382101092993 0.7770725383320254 0.748859147481551 0.7753529816226599 0.7524959110967612 0.7702125561280839 0.7481749737245094
8 0.7593152415890225 0.7492899400485009 0.7617258125845886 0.745731341129931 0.766143383655917 0.7510512219477323 0.763732812660351 0.7546098208663021
8 0.6699316219196804 0.6488543961034472 0.6723987559694345 0.6455142761591636 0.6769732680670402 0.6515212112368258 0.674506134017286 0.6548613311811095
8 0.9550668973786034 0.7269571673421871 0.9615113789464368 0.7323933286647097 0.9596858023829031 0.7362407803469984 0.9532413208150697 0.7308046190244757
8 0.8605968680729102 0.7046485821085533 0.8670413496407438 0.710084743431076 0.8652157730772101 0.7139321951133646 0.8587712915093766 0.7084960337908419
8 0.8780112228726346 0.7073802456065493 0.8844557044404681 0.712816406929072 0.8826301278769344 0.7166638586113606 0.8761856463091009 0.711227697288838
8 0.8971328673586061 0.7082908001058813 0.9035773489264395 0.713726961428404 0.9017517723629058 0.7175744131106926 0.8953072907950724 0.7121382517881699
