13 0.527320842978395 0.05701678240740739 0.5382535204475308 0.05701678240740739 0.5382535204475308 0.0916039737654321 0.527320842978395 0.0916039737654321
11 0.5577192475958491 0.2530336803033503 0.5653333078517381 0.2537001407773677 0.5644149634381015 0.2723521221657856 0.5568009031822125 0.2716856616917682
11 0.5354399142277391 0.033114193297973375 0.5430192349831899 0.031938396001965 0.5446394164049766 0.0505052768666357 0.5370600956495258 0.05168107416264408
6 0.533756697557101 0.1401234735681935 0.5446899832024359 0.14190525788734654 0.5428084008487655 0.16243087705761317 0.5318751152034306 0.16064909273846012
11 0.5354399142277391 0.033114193297973375 0.5430192349831899 0.031938396001965 0.5446394164049766 0.0505052768666357 0.5370600956495258 0.05168107416264408
6 0.5294722199619984 0.21407479159810547 0.5367405809910611 0.21370739687570764 0.5372969254855327 0.23327442393687395 0.5300285644564698 0.23364181865927178
6 0.5366004496350031 0.25047182811694374 0.5471462758358556 0.24900204558362138 0.549135032286872 0.27437006739062664 0.5385892060860196 0.275839849923949
11 0.5491326595574251 0.2721254711066004 0.5571227917526596 0.27282484924537714 0.5560442409915309 0.2947306924391883 0.5480541087962966 0.2940313143004116
11 0.5447940779320989 0.3667213220164609 0.5532042397781602 0.36650881342660524 0.553491512345679 0.38672035751028805 0.5450813504996176 0.3869328661001437
11 0.5462754552686122 0.4189417349382283 0.5542639272586147 0.4181619301427037 0.5554048514660493 0.43894032921810683 0.5474163794760467 0.4397201340136314
11 0.5703486689814815 0.6098556455761316 0.5621055389237389 0.6099623131971209 0.5619216324216526 0.5846964523257313 0.5701647624793952 0.5845897847047419
11 0.5697723765432098 0.8939187885802468 0.5596261916619749 0.8940500820811158 0.55941994453585 0.8657149708442499 0.5695661294170848 0.8655836773433808
10 0.5404477719907407 0.8488843878600822 0.5546465084876542 0.8488843878600822 0.5546465084876542 0.8976064171810699 0.5404477719907407 0.8976064171810699
7 0.532642505787037 0.09470486111111111 0.5416943962191358 0.09470486111111111 0.5416943962191358 0.11374421296296296 0.532642505787037 0.11374421296296296
11 0.7102821472420656 0.09136491001871642 0.7169070844250924 0.09297027526937084 0.7147504048412678 0.10879262598951409 0.708125467658241 0.10718726073885966
11 0.724847417017764 0.150735051675467 0.7170528756219438 0.14848555852027212 0.7205620304474512 0.12686903275028197 0.7283565718432715 0.12911852590547684
11 0.5415003934352518 0.9616522407074339 0.5496445031474819 0.9616522407074339 0.5496445031474819 0.9874128821942445 0.5415003934352518 0.9874128821942445
8 0.5209481012158504 0.0287889709637284 0.522919246604068 0.0287889709637284 0.522919246604068 0.03693637190169425 0.5209481012158504 0.03693637190169425
8 0.5240033765675877 0.029971658196658927 0.5264673083028597 0.029971658196658927 0.5264673083028597 0.03956456575265098 0.5240033765675877 0.03956456575265098
8 0.5291283545769533 0.03430817805073753 0.5316908435816361 0.03430817805073753 0.5316908435816361 0.04258698868125121 0.5291283545769533 0.04258698868125121
8 0.5258759646863943 0.03483381682092887 0.5288326827687209 0.03483381682092887 0.5288326827687209 0.045609411609851463 0.5258759646863943 0.045609411609851463
8 0.5308038281569383 0.0407472529855815 0.5338591035086754 0.0407472529855815 0.5338591035086754 0.050997209004312746 0.5308038281569383 0.050997209004312746
8 0.5330706453533882 0.03693637190169425 0.5360273634357147 0.03693637190169425 0.5360273634357147 0.047974786075712504 0.5330706453533882 0.047974786075712504
8 0.5402547461992172 0.16949168508210732 0.5450820410275049 0.16949168508210732 0.5450820410275049 0.17914627473868305 0.5402547461992172 0.17914627473868305
8 0.544269282204375 0.6314066441494979 0.548566568433069 0.6314066441494979 0.548566568433069 0.6413713658392228 0.544269282204375 0.6413713658392228
8 0.7170507385659775 0.11608996478936563 0.7201163342455329 0.11727473606648867 0.717497366159261 0.12932198926333802 0.7144317704797055 0.12813721798621497
8 0.7010686179081432 0.22145848237978474 0.7031430276951055 0.22234950403324502 0.7011890191662188 0.23043692822224895 0.6991146093792565 0.22954590656878868
8 0.698795424686316 0.23000338797466705 0.7003149928281612 0.23065608838458715 0.6985887720071886 0.23780072456028015 0.6970692038653433 0.23714802415036004
8 0.7293763221187569 0.015078603399357121 0.731928902121258 0.01581227908869838 0.7298979993654133 0.028373788726707348 0.7273454193629122 0.027640113037366087
8 0.7198473692832466 0.01190228578752076 0.7223786131078246 0.012629828922728448 0.7207852936417198 0.022484804879751397 0.7182540498171418 0.02175726174454371
8 0.7258547525925896 0.017840618713997468 0.7284073325950907 0.018574294403338732 0.7267926769510629 0.028561238571960117 0.7242400969485617 0.027827562882618853
