11 0.359137940846168 0.41911510175859834 0.352194940846168 0.40455610175859835 0.37315355915383214 0.38678739824140157 0.38009655915383217 0.40134639824140156
9 0.8785367816584191 0.36463590107921573 0.8568907816584189 0.33004290107921563 0.8683382183415809 0.31730859892078433 0.8899842183415808 0.35190159892078443
11 0.31360121424300547 0.528884752836828 0.31093821424300544 0.5104747528368279 0.31816928575699444 0.508615247163172 0.32083228575699446 0.5270252471631721
11 0.3131393949547166 0.40657762761721905 0.33535802032689943 0.41113529436023083 0.3337117707818493 0.4254027904173319 0.3114931454096665 0.42084512367432014
11 0.3231300454472852 0.46150149087533715 0.33181320968473554 0.4639661684092472 0.32865981433534686 0.4837164733369959 0.3199766500978965 0.48125179580308586
11 0.40093545746058223 0.3674609357289695 0.4159681791684064 0.3564607861145096 0.42123719547703314 0.3692618493109516 0.40620447376920904 0.3802619989254115
11 0.43372598241121196 0.36124424984344805 0.44950856306804016 0.34754965125362164 0.45464550899482054 0.35807438645567335 0.4388629283379924 0.37176898504549977
11 0.7174588055277519 0.16895520124934754 0.7318593950420788 0.15254873005623656 0.7375169236669719 0.16137687233781237 0.723116334152645 0.17778334353092334
11 0.7059159670703888 0.16856773046635967 0.7191722562507875 0.15259172480852834 0.7236327177394073 0.15917149962974278 0.7103764285590086 0.1751475052875741
8 0.6662854816683753 0.1862918953230914 0.6690147124880385 0.18724119299949504 0.6671498306276994 0.1967728113967924 0.6644205998080362 0.19582351372038875
8 0.6917029339815389 0.19657935701528573 0.6949050253161457 0.1979857657583275 0.6923642915264172 0.2082696882405713 0.6891622001918104 0.20686327949752953
8 0.6588808823306397 0.186980038719671 0.6622826447945622 0.18803484878600268 0.6605016683461314 0.198245780423681 0.6570999058822089 0.19719097035734928
8 0.6526268818753013 0.19055248428240248 0.6548401033043494 0.19118483326213043 0.6533923569560248 0.20019303276281789 0.6511791355269767 0.19956068378308994
8 0.39527244681586654 0.36358393842134507 0.4009906738945771 0.36358393842134507 0.4009906738945771 0.37581459078414264 0.39527244681586654 0.37581459078414264
6 0.3333473330119395 0.4980933838295135 0.3421505999153041 0.4967582912185765 0.344098535175348 0.5195924212113109 0.3352952682719834 0.5209275138222479
6 0.33555087317160376 0.5247129466178574 0.3443349173682015 0.5219076630420969 0.3475052223611597 0.53955569416956 0.338721178164562 0.5423609777453204
8 0.2633740201116662 0.31076507156180033 0.2681705524893353 0.30737160647827977 0.27249943468168314 0.3182493104487962 0.267702902304014 0.3216427755323167
8 0.2688888922439906 0.33535774572460353 0.27227090073803906 0.3323295726691056 0.2778223602807066 0.3433520358190416 0.27444035178665815 0.3463802088745395
11 0.2246254002973309 0.29515494144907894 0.2288768662151526 0.2930343061711244 0.23144400166685533 0.30218384021693556 0.22719253574903364 0.30430447549489004
8 0.2328404628977518 0.2426608808659433 0.23922832674629413 0.23655013744467052 0.2470246728111186 0.25103886291859095 0.24063680896257625 0.2571496063398637
11 0.2328612369427498 0.3064943695621548 0.23565569929188085 0.30366066107286266 0.23999891107940483 0.31127498891554667 0.23720444873027377 0.3141086974048388
6 0.19589074014739954 0.1315994765406481 0.20145754546330863 0.1296247076824053 0.20492741052942012 0.14701391651947124 0.19936060521351104 0.14898868537771406
8 0.23845737543910606 0.2318270943994573 0.24347210424248159 0.2282909972822896 0.24748999880897754 0.23842076009713586 0.242475270005602 0.24195685721430357
8 0.20254297155075396 0.13424085007919975 0.20546279578630916 0.1322648372814069 0.20938234328165126 0.14256111766725826 0.20646251904609605 0.14453713046505112
8 0.11847668998470098 0.03190861799677017 0.12216277634153386 0.028861193919881165 0.12610650161750786 0.03734160174736598 0.122420415260675 0.04038902582425498
8 0.2755643737803551 0.4692230985758896 0.2788538291214137 0.4664417704826365 0.28302582126129333 0.4752136513921262 0.2797363659202347 0.4779949794853793
6 0.36770043490109144 0.6777374918579508 0.3759386708628562 0.6756177126105408 0.3789658107420872 0.6965325047898304 0.3707275747803224 0.6986522840372406
8 0.42162682584709726 0.8499212451023194 0.4260229940116121 0.8477758384163692 0.4286511172019012 0.8573497157524236 0.42425494903738636 0.8594951224383738
8 0.4062451368195501 0.7726412615822758 0.4106413049840649 0.7704958548963254 0.41326942817435397 0.78006973223238 0.40887326000983915 0.7822151389183302
8 0.3966594465560062 0.7610492640542692 0.40105561472052104 0.7589038573683189 0.4036837379108101 0.7684777347043734 0.39928756974629526 0.7706231413903236
8 0.3953219083796978 0.7438098831151824 0.3997180765442126 0.7416644764292322 0.40234619973450164 0.7512383537652866 0.3979500315699868 0.7533837604512369
11 0.3999462004011163 0.8185783891541302 0.40709172511532915 0.8155247608182145 0.4137480081428436 0.8432150315508934 0.40660248342863076 0.8462686598868092
11 0.36185182426531837 0.7304169090490501 0.37059114118310255 0.7266821762135997 0.376851253080046 0.7527243671070297 0.3681119361622619 0.7564590999424803
6 0.3730383237378217 0.7067676453431272 0.38177764065560593 0.7030329125076767 0.38665364543170544 0.7233171900520542 0.37791432851392126 0.7270519228875048
8 0.3794926181856373 0.6807994878520934 0.38299347259694394 0.6807994878520934 0.38299347259694394 0.6873344160865327 0.3794926181856373 0.6873344160865327
8 0.35633073121321035 0.3836414254292925 0.36047099571156077 0.3815594638529801 0.36325117610919744 0.39138838445069 0.359110911610847 0.3934703460270024
8 0.20798506671247932 0.19523662271478778 0.21145766731028598 0.19224943940484704 0.21587620928957332 0.201381092828709 0.21240360869176667 0.20436827613864975
8 0.21613545036850035 0.19462438732278617 0.219608050966307 0.19163720401284542 0.22402659294559435 0.2007688574367074 0.2205539923477877 0.20375604074664813
8 0.2089749771567952 0.5130046570268538 0.2127478957263785 0.5094985104773421 0.21737600917173408 0.5183522927206309 0.21360309060215077 0.5218584392701426
8 0.1671272532573536 0.45243563914612944 0.17051114472041148 0.44828320127820065 0.17599236270607752 0.4562240665781767 0.17260847124301962 0.46037650444610545
8 0.20051302483995198 0.5225703422545898 0.2042859434095353 0.519064195705078 0.20891405685489084 0.5279179779483668 0.20514113828530753 0.5314241244978786
8 0.19448475156403564 0.3541086439359804 0.19662231299338298 0.35349360334873725 0.19754954210938053 0.359222610465438 0.19541198068003315 0.35983765105268123
8 0.16270150844266834 0.4586556048316329 0.16608539990572627 0.45450316696370413 0.1715666178913923 0.46244403226368014 0.16818272642833437 0.46659647013160893
8 0.028398726636867055 0.5792180718350661 0.031782618099924984 0.5750656339671374 0.03726383608559101 0.5830064992671133 0.033879944622533076 0.5871589371350422
8 0.03242401481932622 0.4414171484565934 0.035807906282384144 0.4372647105886646 0.04128912426805017 0.4452055758886406 0.03790523280499224 0.4493580137565694
8 0.04430819897706274 0.3910690994442472 0.047692090440120675 0.38691666157631843 0.05317330842578669 0.39485752687629444 0.04978941696272877 0.39900996474422323
8 0.09011981210124068 0.36602286186450145 0.09350370356429862 0.36187042399657265 0.09898492154996463 0.3698112892965487 0.09560103008690671 0.37396372716447746
8 0.1250056430158866 0.35452203848604674 0.12838953447894452 0.350369600618118 0.13387075246461055 0.358310465918094 0.13048686100155263 0.3624629037860228
8 0.0042019991416128505 0.42190716394947536 0.006693653373275201 0.41884960743553507 0.01308844951036931 0.42811401087255707 0.01059679527870696 0.43117156738649737
8 0.1780605906521062 0.37901013971160646 0.18196606278389324 0.37577229399418305 0.1862400191308922 0.3849371352634435 0.18233454699910512 0.38817498098086684
8 0.1874529297445109 0.39996719564567956 0.19135840187629796 0.39672934992825615 0.19563235822329691 0.4058941911975166 0.19172688609150984 0.40913203691494
8 0.19564411003710908 0.3593110453862794 0.19830421286891925 0.35710567756614303 0.2023154203535105 0.365707094358844 0.19965531752170032 0.3679124621789804
8 0.19892450356189126 0.3582508197504352 0.20147688942108763 0.355829699692278 0.20588051534221571 0.36408281469528136 0.20332812948301934 0.3665039347534386
8 0.20103845260333084 0.3558340208537299 0.2030557861138476 0.35263893736796187 0.2088671263696486 0.35916196577360787 0.20684979285913185 0.3623570492593759
8 0.19524868186576655 0.3529265177808507 0.19726601537628327 0.3497314342950827 0.2025585389160415 0.3556721088843792 0.20054120540552478 0.35886719237014725
8 0.20001867479465557 0.3518724754250912 0.2014269985903644 0.349641950785102 0.2067195221301227 0.35558262537439855 0.20531119833441386 0.3578131500143878
8 0.13535638405649583 0.3450658059304284 0.13874027551955376 0.3409133680624996 0.1442214935052198 0.3488542333624757 0.14083760204216186 0.3530066712304044
8 0.1101568985749734 0.2983855708927819 0.11264855280663576 0.2953280143788416 0.11812977079230179 0.30326887967881755 0.11563811656063944 0.30632643619275784
8 0.06642909691945717 0.3328275459419144 0.06892075115111952 0.3297699894279741 0.07440196913678554 0.33771085472795004 0.07191031490512319 0.3407684112418904
8 0.07270004475753454 0.2739771123845733 0.07519169898919689 0.270919555870633 0.08067291697486291 0.27886042117060894 0.07818126274320056 0.28191797768454924
8 0.04206887647154138 0.28812694340382483 0.04456053070320373 0.28506938688988454 0.05004174868886975 0.2930102521898605 0.0475500944572074 0.29606780870380084
8 0.022532462052915817 0.2569329977477478 0.025024116284578166 0.2538754412338075 0.030505334270244183 0.26181630653378346 0.028013680038581838 0.2648738630477238
8 0.021326510545593255 0.3251094562950502 0.023818164777255603 0.32205189978110993 0.029299382762921624 0.3299927650810859 0.026807728531259272 0.3330503215950262
8 0.032662454714425374 0.33218437180467597 0.035154108946087725 0.3291268152907357 0.04063532693175374 0.3370676805907116 0.03814367270009139 0.340125237104652
8 0.016743894817767505 0.39585861139130757 0.019235549049429854 0.3928010548773673 0.02471676703509587 0.4007419201773433 0.022225112803433526 0.4037994766912836
8 0.0032372379357547905 0.40389828810679157 0.005728892167417141 0.40084073159285133 0.012123688304511252 0.41010513502987334 0.0096320340728489 0.41316269154381363
8 0.010231756678225677 0.41901288033190115 0.012723410909888027 0.41595532381796085 0.019118207046982135 0.4252197272549829 0.016626552815319787 0.42827728376892316
8 0.028398726636867065 0.4986656914960125 0.031782618099925 0.4945132536280837 0.037263836085591015 0.5024541189280597 0.03387994462253309 0.5066065567959885
8 0.03313338849065157 0.5420983229013956 0.0365172799537095 0.5379458850334669 0.04199849793937552 0.5458867503334428 0.03861460647631759 0.5500391882013717
8 0.046390441681248167 0.5607844550176652 0.0497743331443061 0.5566320171497364 0.055255551129972116 0.5645728824497124 0.05187165966691419 0.5687253203176412
8 0.04335808580590724 0.6177176941170485 0.04693160012198974 0.6138579858366608 0.050406472924329516 0.6195774774797984 0.046832958608247016 0.623437185760186
8 0.03805743681858744 0.5794705871339347 0.041441328281645366 0.5753181492660059 0.04692254626731139 0.583259014565982 0.04353865480425346 0.5874114524339107
8 0.04827252084725031 0.6148664989117169 0.05091295016727616 0.6098460260116988 0.057539974395300106 0.6160422334826927 0.05489954507527426 0.6210627063827109
8 0.03474687038512719 0.6020806237229753 0.03832038470120968 0.5982209154425877 0.0422016772533271 0.6046093565681046 0.038628162937244616 0.6084690648484922
8 0.03922649582003038 0.6162894901713132 0.04280001013611288 0.6124297818909256 0.04627488293845265 0.6181492735340631 0.04270136862237015 0.6220089818144507
