10 0.7465320070902065 0.3896268058891661 0.7472280070902065 0.37057380588916605 0.7826349929097932 0.37287319411083386 0.7819389929097932 0.3919261941108339
10 0.9395490169627237 0.39372582829822755 0.9442170169627238 0.34647782829822754 0.9604509830372763 0.34932917170177236 0.9557829830372763 0.39657717170177237
10 0.539730622164222 0.5062207941951489 0.542614622164222 0.4883017941951489 0.5714668778357781 0.49655720580485113 0.5685828778357781 0.5144762058048511
1 0.9755779491127267 0.39242199190208576 0.9807239491127265 0.3415809919020858 1.0001580508872732 0.3450780080979143 0.9950120508872733 0.39591900809791425
10 0.09314105850760884 0.24079263891627212 0.09631005850760885 0.2212356389162721 0.13290094149239118 0.23177636108372793 0.12973194149239117 0.25133336108372795
10 0.8821641239208217 0.3782518307867891 0.8683531239208218 0.3323278307867891 0.8855443760791786 0.32313666921321094 0.8993553760791786 0.36906066921321085
10 0.7018160655922648 0.37735319972019604 0.7040950655922649 0.358235199720196 0.7393299344077351 0.36570230027980416 0.7370509344077351 0.3848203002798042
10 0.9096132926823534 0.4128155088860725 0.9113332926823533 0.3930265088860725 0.9476782073176463 0.3986424911139275 0.9459582073176463 0.4184314911139275
10 0.7035383349188439 0.3405730106777446 0.7184623349188439 0.29851501067774455 0.731357165081156 0.30664948932225544 0.7164331650811561 0.3487074893222555
4 0.9203949774227044 0.3846642450191717 0.9251659774227045 0.3328832450191717 0.9452300225772954 0.33616975498082835 0.9404590225772953 0.3879507549808283
10 0.7231815215812379 0.6027897871199788 0.7181317320238946 0.5835355291008519 0.7502658300682719 0.5685528292207807 0.7553156196256152 0.5878070872399076
4 0.40037204620566347 0.3338166700311202 0.40297404620566346 0.31523567003112024 0.44025295379433627 0.3245163299688799 0.43765095379433633 0.34309732996887987
5 0.8227829157474246 0.41846676869525246 0.8236519157474246 0.4079557686952525 0.842321084252575 0.4106997313047475 0.841452084252575 0.42121073130474745
13 0.8886742716121582 0.9546851915527437 0.8961272716121581 0.9325031915527436 0.917575728387842 0.9453148084472566 0.910122728387842 0.9674968084472565
5 0.8978907203636234 0.44776247862393115 0.8983647203636234 0.4361034786239311 0.9198177796363765 0.4376540213760689 0.9193437796363765 0.44931302137606893
5 0.6596473927862117 0.7075708991227192 0.6700711970441705 0.6930880128805943 0.6767857944467612 0.7016795046685014 0.6663619901888024 0.7161623909106263
4 0.8654840097564653 0.40986589016152924 0.8660530097564653 0.3888838901615293 0.9063909902435345 0.3908286098384707 0.9058219902435346 0.4118106098384706
10 0.6900966471463483 0.34067124048861464 0.6802366471463483 0.32643324048861466 0.7062573528536512 0.2943982595113853 0.7161173528536513 0.3086362595113853
11 0.6080379470232187 0.49499503637528347 0.6127548767134724 0.4855487461786303 0.6277053558809703 0.4988205729617675 0.6229884261907165 0.5082668631584207
11 0.8098733452441655 0.3876134055440943 0.8081842527074663 0.37718270221428307 0.8268989538622862 0.3717950417366589 0.8285880463989854 0.38222574506647006
4 0.9248100591648112 0.2927741963837039 0.9264130591648111 0.2710041963837039 0.9710229408351887 0.2768438036162961 0.9694199408351888 0.29861380361629614
5 0.42337643891718385 0.13121892893212314 0.42631626470409667 0.11171485306006826 0.4323364511570253 0.11332803604510787 0.4293966253701125 0.13283211191716274
4 0.10393970180805648 0.48163954709757284 0.10522670180805649 0.46702654709757285 0.12704979819194354 0.47044345290242706 0.12576279819194353 0.48505645290242705
11 0.9893954988398661 0.6847125254796596 0.9894454988398661 0.6617745254796595 1.0000125011601335 0.6618154745203402 0.9999625011601335 0.6847534745203402
10 0.39120403726046 0.1769251018171639 0.40117403726045997 0.13727610181716393 0.4138739627395399 0.14295339818283612 0.4039039627395399 0.1826023981828361
5 0.6726052301892195 0.626963142411431 0.6758522301892195 0.603620142411431 0.6841652698107809 0.6056758575885688 0.6809182698107809 0.6290188575885688
13 0.5347182306493165 0.71403693816686 0.5390162306493164 0.67223993816686 0.5533022693506838 0.6748515618331402 0.5490042693506838 0.7166485618331403
6 0.6137150487848654 0.33661144014306416 0.6157076149136543 0.3231953785044879 0.6365392068097883 0.32869569437485047 0.6345466406809994 0.34211175601342675
8 0.6177294054962439 0.8422214291840294 0.6202945294922553 0.8114888240140946 0.6292725138561909 0.8128210113622312 0.6267073898601796 0.843553616532166
10 0.9969168750123981 0.39843561539203054 1.0006048750123981 0.36672561539203047 1.0011696249876019 0.3668423846079694 0.9974816249876018 0.3985523846079695
11 0.3995920103601225 0.3835311697169443 0.39834401036012246 0.3630911697169443 0.40561598963987744 0.3623018302830556 0.40686398963987747 0.3827418302830557
9 0.45560252808113044 0.13330919683685852 0.45608125032949326 0.0842647162385648 0.4687308483451323 0.08448422288247696 0.46825212609676947 0.13352870348077067
11 0.6470812517739474 0.7260417301230665 0.6491372517739473 0.7030047301230665 0.6586482482260524 0.7045137698769333 0.6565922482260524 0.7275507698769332
5 0.9768325335723668 0.3076434708110228 0.9787655335723668 0.2843044708110228 1.000437966427633 0.28749552918897725 0.9985049664276329 0.31083452918897725
11 0.41519104941070395 0.46976468538007776 0.4175135620444507 0.45984117486375475 0.4361180326170135 0.4675820050428194 0.4337955199832667 0.4775055155591424
5 0.4666458521540388 0.027545668743952877 0.4705257316013255 0.02515805062254703 0.4774275914648829 0.04509675689505726 0.4735477120175962 0.047484375016463104
8 0.46644729024804227 0.03504704826872161 0.46903770938181566 0.033834751043090035 0.4717494962987387 0.04413609675679979 0.4691590771649653 0.04534839398243136
8 0.36413612595798656 0.2588854907269816 0.376952938943298 0.23866376095882777 0.38515138187381426 0.24790160436487682 0.3723345688885028 0.26812333413303063
8 0.42639337843269176 0.21653289317077307 0.43248652226149875 0.21653289317077307 0.43248652226149875 0.22430385921330942 0.42639337843269176 0.22430385921330942
8 0.49606715351861624 0.2670441724472595 0.5011006201598031 0.2670441724472595 0.5011006201598031 0.275168364219002 0.49606715351861624 0.275168364219002
8 0.4064330547405678 0.19759140435966033 0.41003978174551525 0.19759140435966033 0.41003978174551525 0.20355034462870303 0.4064330547405678 0.20355034462870303
8 0.47017474653689106 0.053973326525491444 0.47369646309329894 0.05349479179171197 0.47439639179034865 0.06265219224477801 0.47087467523394083 0.06313072697855748
5 0.47495749683066985 0.3824364017576727 0.4888491584292433 0.3856459260436161 0.4874978202768006 0.3960440512049977 0.4736061586782272 0.3928345269190543
11 0.679587456513994 0.5719209931406308 0.6896707661975409 0.5753337016533049 0.6851218859169751 0.5992275382933449 0.6750385762334282 0.5958148297806707
11 0.8641985302754462 0.6145920422566268 0.888734707870347 0.6184139819415365 0.8876212878737192 0.6311214658207425 0.8630851102788184 0.6272995261358327
8 0.6502553017311457 0.8473331996475739 0.6556825760283298 0.8473331996475739 0.6556825760283298 0.8602229761033815 0.6502553017311457 0.8602229761033815
8 0.6107800719172393 0.8731718147678699 0.6144698121434543 0.8714937933730013 0.6173716460359191 0.8828373258617227 0.613681905809704 0.8845153472565912
8 0.6093917003843882 0.9271845860027471 0.6171540471680476 0.9240294028436405 0.6203687476329593 0.9380894394703023 0.6126064008493 0.9412446226294089
8 0.632431919290303 0.9428872054055497 0.6369418590818783 0.9398328546472342 0.6411423503534127 0.9508591442350124 0.6366324105618373 0.9539134949933279
8 0.6730564719939529 0.6724969163549673 0.6775899012931567 0.6688941910840773 0.681639909821266 0.6779542101617747 0.6771064805220621 0.6815569354326647
8 0.6694474615306256 0.6752622244560083 0.6736116662355478 0.6741189718489076 0.6747025633340494 0.6811829789955367 0.6705383586291273 0.6823262316026375
8 0.6456891911154315 0.9762803861160692 0.649469504578183 0.9762803861160692 0.649469504578183 0.9851752413225431 0.6456891911154315 0.9851752413225431
6 0.7084596466375088 0.47594567037707863 0.7266381693688024 0.4812969238217881 0.7248000187192766 0.4923979120581413 0.706621495987983 0.48704665861343177
6 0.7269769982428123 0.47907727546230594 0.7462224390493836 0.48192845187809175 0.7452219542508883 0.49393426946004504 0.725976513444317 0.49108309304425923
6 0.7626556574371864 0.4873260447391081 0.782502338523787 0.4935717911680164 0.7803333785584324 0.505824512375811 0.7604866974718318 0.49957876594690287
6 0.7842396283240349 0.49183609969379766 0.7994134624565608 0.4951088874478713 0.7979677579723264 0.5070249971361073 0.7827939238398006 0.5037522093820336
5 0.8939167844643565 0.2653892190135963 0.9003078249351046 0.26692000715030123 0.8972779815914264 0.2894081777456197 0.8908869411206782 0.28787738960891474
5 0.9145776661882785 0.2698026339051762 0.9196005734779608 0.2712284787500425 0.91649621472706 0.29067009067057337 0.9114733074373776 0.28924424582570707
8 0.6879273569014527 0.23092645344553617 0.695333610340689 0.23092645344553617 0.695333610340689 0.2392584885646764 0.6879273569014527 0.2392584885646764
11 0.5616980271085049 0.22893824560365464 0.579567647229402 0.23276219723445862 0.5779804700922274 0.2459479765279278 0.5601108499713302 0.24212402489712384
8 0.6143704543369831 0.2135537146433602 0.6191281458447834 0.21605119050047256 0.6167587658268467 0.22407549082788644 0.6120010743190466 0.2215780149707741
6 0.8683724115457467 0.508165111249028 0.8862447251227532 0.5117469314924561 0.8846444318919745 0.5259425405487368 0.8667721183149681 0.5223607203053087
6 0.34913200235974445 0.43136626556876606 0.37353165877463507 0.43136626556876606 0.37353165877463507 0.44387890988409456 0.34913200235974445 0.44387890988409456
6 0.43846921410188827 0.4081745105343616 0.44806816797176885 0.4157790730677796 0.44474906570589967 0.42322721212014736 0.4351501118360191 0.41562264958672934
8 0.43547757868742965 0.41704336505974976 0.43909521192071466 0.4172530829283459 0.43886219206671895 0.42439902511755084 0.43524455883343394 0.4241893072489547
0 0.46526974921159225 0.45527890085788164 0.47631736464299224 0.46213017032906245 0.4739236061569671 0.46899224283836466 0.46287599072556707 0.4621409733671839
0 0.467529355928125 0.4434119946244446 0.4772014227926145 0.44660937210030677 0.47581364127478304 0.4540725527073164 0.4661415744102936 0.45087517523145415
11 0.47985630498251874 0.5055165918336428 0.49943680261456086 0.5055165918336428 0.49943680261456086 0.5149939103222113 0.47985630498251874 0.5149939103222113
11 0.0083581025431369 0.2454818437494845 0.03409761570591509 0.2537316877119116 0.03196490643449517 0.26556111513739 0.006225393271716983 0.2573112711749629
7 0.10176477803077394 0.43182975519197475 0.12466343144904059 0.4446702515460052 0.12130837833874254 0.45530690486938485 0.0984097249204759 0.4424664085153544
8 0.2574791861361583 0.3452858425792285 0.26358422312816093 0.34719252079895285 0.2625920429733051 0.3528403155265944 0.25648700598130236 0.35093363730687005
8 0.23532035651489397 0.2961453974594569 0.2424067132871939 0.2961453974594569 0.2424067132871939 0.3046795045400762 0.23532035651489397 0.3046795045400762
8 0.8858374804973232 0.09263583996428187 0.8922860082596124 0.09762270143378511 0.8862431877431395 0.11151424285096509 0.8797946599808504 0.10652738138146185
8 0.8578388952302156 0.18612505592483147 0.8639803908817532 0.17826394149085437 0.8668361863597214 0.18223032409913908 0.8606946907081838 0.1900914385331162
8 0.8552160566152576 0.1765992762712711 0.8605179222444418 0.1714834009649897 0.863679569134591 0.17730845023915107 0.8583777035054068 0.18242432554543242
8 0.8615639571990628 0.17763511656173178 0.8689310084580267 0.1719482699758594 0.8716425141911699 0.1781929498461224 0.8642754629322059 0.18387979643199476
8 0.6168733012977194 0.12654566009550425 0.6211564633041281 0.12905287687974332 0.6177244965646307 0.1394758869774769 0.613441334558222 0.13696867019323783
4 0.7811181920384029 0.36036562123224586 0.822614171375688 0.33922156869809117 0.8281789146612363 0.3586367029031797 0.7866829353239513 0.3797807554373344
1 0.9570339162648789 0.3918333228456688 0.9997534961230478 0.4000834845843368 0.9960548651930676 0.4341308083439021 0.9533352853348986 0.4258806466052342
