10 0.48475723836433443 0.15933641730509818 0.4755812383643344 0.14327241730509818 0.4988367616356654 0.11965658269490183 0.5080127616356654 0.13572058269490184
11 0.5155368596699008 0.03237164818365575 0.5074898596699008 0.012195648183655759 0.5151921403300994 0.006734351816344246 0.5232391403300994 0.026910351816344245
11 0.6542738497764701 0.7795997689224293 0.6481448497764701 0.7535507689224293 0.6574706442528478 0.7496498953144363 0.6635996442528478 0.7756988953144363
5 0.7796479942329324 0.8487257982359624 0.7797109942329324 0.8399697982359624 0.7948310057670671 0.8401632017640372 0.7947680057670672 0.8489192017640372
11 0.43967298931672194 0.20580228700767558 0.4453439893167219 0.18615728700767556 0.452384010683278 0.18977021299232433 0.446713010683278 0.20941521299232435
11 0.8912708629261362 0.8816361860795457 0.8968148016695465 0.8723970415287664 0.9169 0.893823 0.9113560612565897 0.9030621445507794
10 0.3228881048989269 0.07852385732259497 0.3070061048989269 0.03554085732259497 0.3192993951010732 0.027465642677405016 0.3351813951010732 0.07044864267740501
6 0.5954151496175374 0.5816755318289059 0.5852191496175374 0.5595145318289058 0.5931263503824628 0.5530469681710941 0.6033223503824627 0.5752079681710942
10 0.0005733957705067478 0.8651543319899964 0.00045339577050674786 0.8502553319899965 0.009683604229493253 0.8501231680100034 0.009803604229493251 0.8650221680100033
6 0.5055030844806355 0.3730227980165564 0.5150640950090795 0.36645145663835155 0.5254194779829545 0.3932365648674241 0.5158584674545106 0.39980790624562895
6 0.5294056285511364 0.4242424242424243 0.5389683459252964 0.4183544792997266 0.5499966708096591 0.4501967921401517 0.5404339534354992 0.4560847370828494
6 0.20235704643574226 0.5444530253497082 0.2086362067712875 0.5546286773164294 0.1909602963907596 0.5740196052502504 0.18468113605521436 0.5638439532835292
6 0.5460564664942436 0.4677458819254317 0.555714700853929 0.46089368306775025 0.5667937989903672 0.4886556136423186 0.5571355646306817 0.4955078125
11 0.5455533114346591 0.499896425189394 0.5372545927989706 0.5056263955943433 0.5289994400770629 0.48437138886316206 0.5372981587127514 0.4786414184582128
6 0.6100279390649924 0.6174418196210073 0.6187688214590222 0.6114294989892815 0.6301133915904176 0.6407504911181129 0.6213725091963878 0.6467628117498387
13 0.5825315906702209 0.8696058190485736 0.6202723405592093 0.8577252193095568 0.6244376717032968 0.8812485691391942 0.5866969218143084 0.893129168878211
6 0.5294056285511364 0.4242424242424243 0.5389683459252964 0.4183544792997266 0.5499966708096591 0.4501967921401517 0.5404339534354992 0.4560847370828494
6 0.5294056285511364 0.4242424242424243 0.5389683459252964 0.4183544792997266 0.5499966708096591 0.4501967921401517 0.5404339534354992 0.4560847370828494
6 0.5294056285511364 0.4242424242424243 0.5389683459252964 0.4183544792997266 0.5499966708096591 0.4501967921401517 0.5404339534354992 0.4560847370828494
11 0.6494247939560439 0.8555088141025641 0.6295308353410265 0.8562517291179277 0.6291896390570669 0.8400088190501417 0.6490835976720843 0.8392659040347781
6 0.7414930555555557 0.836767578125 0.7189616067315182 0.8376089869151359 0.718627844352206 0.8217199735640306 0.7411592931762433 0.8208785647738948
11 0.31643880208333336 0.9055844907407408 0.29749977582104004 0.9062917450011373 0.2971543200466502 0.889846058633475 0.31609334630894353 0.8891388043730784
11 0.8712602095170454 0.8763435132575761 0.8768041482604557 0.8671043687067967 0.8968893465909092 0.8885303271780304 0.8913454078474989 0.8977694717288097
6 0.8201200830838257 0.8863620106598508 0.7976383312955075 0.8841975481659468 0.7984969105739356 0.8683435808019069 0.8209786623622537 0.8705080432958109
6 0.8212428701338798 0.9236494155269153 0.8054210316051136 0.9451467803030303 0.7984676164488769 0.9360487504977784 0.814289454977643 0.9145513857216634
8 0.4852894767079949 0.2885195365135563 0.48931845570350724 0.2864561300522785 0.49171013137453384 0.2947582685884858 0.48768115237902143 0.29682167504976364
8 0.6187514090835852 0.6118679192071186 0.6226123324638518 0.6086251489139811 0.6252448618431728 0.6141973361002104 0.6213839384629062 0.6174401063933479
8 0.5543024728911277 0.5059954508179426 0.5588451158444997 0.5021801076550053 0.5622964307509118 0.5094853908735776 0.5577537877975399 0.5133007340365149
8 0.5682618012152072 0.4783699729788651 0.572122724595474 0.4751272026857276 0.574755253974795 0.48069938987195693 0.5708943305945282 0.4839421601650944
8 0.6084823362967963 0.5893330094805543 0.6123432596770629 0.5860902391874169 0.614975789056384 0.5916624263736462 0.6111148656761173 0.5949051966667837
8 0.6366546801474847 0.8565297216508798 0.6398729239119377 0.8546416853090673 0.6433206424491608 0.8650893172400456 0.6401023986847078 0.8669773535818581
8 0.6488842305843331 0.8632559743911464 0.6521024743487861 0.8613679380493339 0.6555501928860092 0.8718155699803122 0.6523319491215561 0.8737036063221247
8 0.7170639742697631 0.8420580869672759 0.7202822180342161 0.8401700506254635 0.7237299365714392 0.8506176825564418 0.7205116928069861 0.8525057188982543
8 0.66829864190283 0.8616253676662332 0.671516885667283 0.8597373313244207 0.674964604204506 0.870184963255399 0.671746360440053 0.8720729995972115
8 0.7633497876576854 0.8223601080001681 0.762440698187149 0.8268886903052372 0.7541711131083271 0.823937443328423 0.7550802025788634 0.8194088610233541
8 0.7181340599329873 0.859790935100706 0.7213523036974403 0.8579028987588936 0.7248000222346634 0.8683505306898719 0.7215817784702103 0.8702385670316845
8 0.7458857320781432 0.8829957231090851 0.7491039758425964 0.8811076867672726 0.7525516943798194 0.8915553186982509 0.7493334506153664 0.8934433550400634
8 0.7427107526378073 0.8699822271314132 0.7459289964022604 0.8680941907896007 0.7493767149394834 0.878541822720579 0.7461584711750304 0.8804298590623915
8 0.7894546899493006 0.9848304437938643 0.7929254707783394 0.9812916084387672 0.7978545628800818 0.9898859228725779 0.794383782051043 0.993424758227675
8 0.798973503304029 0.9665210323137308 0.8024442841330679 0.9629821969586337 0.8073733762348103 0.9715765113924445 0.8039025954057715 0.9751153467475415
8 0.837737447468146 0.8945418954355269 0.8423034630905007 0.8945418954355269 0.8423034630905007 0.9025239671901607 0.837737447468146 0.9025239671901607
8 0.9558634414071014 0.9447988288276035 0.9591490294179745 0.9398054844223827 0.9672958133494036 0.9493353166470682 0.9640102253385305 0.954328661052289
8 0.4772951352247325 0.880644064382252 0.48109951067406187 0.8826586745492732 0.4785686566517413 0.8911551130527755 0.47476428120241193 0.8891405028857542
8 0.47992525612447756 0.8738200974304998 0.48400857003239867 0.8759824196890686 0.4814777160100781 0.8844788581925709 0.477394402102157 0.8823165359340022
8 0.6757936749179784 0.9582048312524423 0.6785608154122976 0.9559312887922451 0.6816869362950688 0.9626954100005815 0.6789197958007495 0.9649689524607785
