10 0.435798003558222 0.7821010354928352 0.43520900355822206 0.7348850354928351 0.44961899644177783 0.734565464507165 0.45020799644177784 0.781781464507165
10 0.3875692480429962 0.8728380025153138 0.3875250758674638 0.8501423387268108 0.42336407978147095 0.8500183336961841 0.4234082519570033 0.8727139974846871
10 0.4468281182327881 0.31363899868023776 0.4474111182327882 0.26607499868023776 0.46231813257931587 0.2663998303218725 0.46173513257931587 0.3139638303218725
10 0.7938247307978482 0.09428712778506243 0.7970317307978482 0.07294512778506243 0.8332587692021518 0.08262287221493758 0.830051769202152 0.10396487221493758
10 0.4394428309101791 0.9634763456963497 0.42836783091017916 0.9161603456963497 0.442848669089821 0.9101346543036507 0.4539236690898209 0.9574506543036506
10 0.4590406543250632 0.10709554533582351 0.4587668782837334 0.06102975055554957 0.47275587352913917 0.060881948366336 0.47302964957046895 0.10694774314660992
10 0.3877809977393876 0.8211234101059527 0.38770426259857144 0.8010492870351908 0.4221112671197956 0.8008154668232855 0.4221880022606117 0.8208895898940473
9 0.472719995036573 0.6394497542362328 0.4717679950365731 0.5922877542362328 0.4853530049634268 0.5918002457637672 0.48630500496342677 0.6389622457637671
11 0.4656047490804941 0.8881161480444131 0.4657929912708024 0.8577588715320222 0.47490372592375835 0.8578593065201033 0.47471548373345007 0.8882165830324942
10 0.35174195163019617 0.0642909416060786 0.35253895163019616 0.04464694160607859 0.3862790483698038 0.04708055839392141 0.3854820483698039 0.06672455839392141
10 0.784296916704436 0.12184779653837699 0.7864139167044361 0.101600796538377 0.8209110832955638 0.108013203461623 0.8187940832955638 0.128260203461623
11 0.6530404930894721 0.16183378795409994 0.651244988836865 0.13061305592744085 0.6617850111631338 0.12953544407255874 0.6635805154157409 0.16075617609921783
7 0.6597328596765684 0.9321233389202652 0.6574575733255418 0.8890005200058712 0.6739856080329241 0.8874501776642845 0.6762608943839507 0.9305729965786786
5 0.45653323600040485 0.6451727323147022 0.45557923600040484 0.6269227323147022 0.46169626399959507 0.626354267685298 0.4626502639995951 0.644604267685298
5 0.46022575091456486 0.38738114780007477 0.4601027509145649 0.36754714780007475 0.46620674908543513 0.36747985219992535 0.4663297490854351 0.38731385219992537
11 0.45568402048284695 0.525623053576534 0.45453102048284694 0.5030190535765341 0.4631299811413613 0.5022392819224105 0.4642829811413613 0.5248432819224105
4 0.4816470002027076 0.9364489560883043 0.4815940002027076 0.8830199560883043 0.49543699979729217 0.8829955439116957 0.4954899997972922 0.9364245439116956
7 0.39806901124567934 0.6575959424531784 0.40407701124567935 0.6268519424531784 0.4188579887543206 0.6319870575468215 0.4128499887543206 0.6627310575468215
11 0.46482814553172275 0.8070138704866473 0.4664797108567812 0.7779485677932706 0.47516854553600685 0.7788262957134501 0.47351698021094835 0.8078915984068269
5 0.4097252443602979 0.38960162824764244 0.41062191412187776 0.38160776539247665 0.4245300858781213 0.3843812346075227 0.4236334161165415 0.39237509746268845
13 0.365371259465903 0.8169378364721865 0.36876325946590305 0.7583448364721865 0.38625624053409685 0.7601451635278133 0.3828642405340968 0.8187381635278133
5 0.42298620750261845 0.26073053508709326 0.4209722075026185 0.2539745350870932 0.43430529249738165 0.24690846491290672 0.4363192924973816 0.25366446491290673
5 0.5721807404779842 0.7912601091614848 0.5707927404779841 0.7707271091614849 0.5780797595220161 0.7698513908385152 0.5794677595220161 0.790384390838515
13 0.7640019591731274 0.6664312092506286 0.7682319591731274 0.6188472092506287 0.8438100408268724 0.6307912907493713 0.8395800408268724 0.6783752907493712
5 0.41319600539095463 0.40749244512255695 0.4132700053909546 0.39989244512255695 0.4279499946090455 0.4001465548774432 0.42787599460904546 0.40774655487744316
10 0.41550000645951585 0.7945088407822715 0.41729200645951586 0.7503458407822715 0.4308539935404842 0.7513241592177278 0.42906199354048424 0.7954871592177278
5 0.61519744854372 0.1731075520295434 0.6188854485437202 0.1663535520295434 0.63063605145628 0.17776044797045662 0.62694805145628 0.1845144479704566
5 0.546520997148655 0.3792988666282598 0.5459869971486548 0.3543088666282598 0.553219002851345 0.3540341333717403 0.5537530028513451 0.3790241333717403
5 0.41988256599790363 0.5166008431944834 0.41827856599790364 0.5101588431944833 0.4330059965920918 0.5036397363130932 0.4346099965920918 0.5100817363130932
1 0.4599199991864937 0.22655596725954527 0.45865899918649367 0.17580296725954528 0.4727620008135063 0.17518003274045474 0.4740230008135063 0.22593303274045476
5 0.4257315266893959 0.23492212119784361 0.42785052668939594 0.22866112119784363 0.44140484233617944 0.23681646588343813 0.43928584233617934 0.24307746588343812
5 0.420206132049055 0.4456690796477504 0.419318132049055 0.43873807964775036 0.43317936795094486 0.43558092035224955 0.4340673679509449 0.44251192035224957
10 0.4241340019455538 0.49693255908645034 0.42267200194555377 0.45131455908645035 0.43680299805444595 0.4505094376651322 0.43826499805444596 0.49612743766513223
1 0.6064620147532124 0.9655330524387972 0.5944230147532125 0.9227420524387971 0.6070789852467875 0.9164119475612024 0.6191179852467875 0.9592029475612024
5 0.6488460992042667 0.19278082357222692 0.6449978493723715 0.1655527998790103 0.6538379818761473 0.16333162175720875 0.6576862317080425 0.19055964545042536
4 0.4354252514830179 0.7220650769662675 0.4358652514830179 0.6707670769662676 0.4505122485169822 0.670990423033732 0.4500722485169822 0.7222884230337319
5 0.414628993897579 0.41996878902443585 0.414417993897579 0.41267178902443585 0.42794900610242104 0.41197621097556414 0.42816000610242105 0.4192732109755642
5 0.5160359949664654 0.2045659776924052 0.5117079949664652 0.1853849776924052 0.5178180050335346 0.1829340223075949 0.5221460050335346 0.2021150223075949
10 0.4517642549634978 0.9997990161589385 0.4524492549634978 0.9675420161589386 0.4659442450365024 0.9680514838410614 0.46525924503650234 1.0003084838410614
7 0.6674142332781164 0.9902507191623472 0.6661522332781163 0.9690497191623472 0.6752942667218832 0.968082280837653 0.6765562667218833 0.989283280837653
10 0.40856663532183984 0.00038966774947242716 0.42244854889679506 0.00038966774947242716 0.42244854889679506 0.026887074713597477 0.40856663532183984 0.026887074713597477
8 0.36616903176438387 0.07719889582318945 0.37027873600511146 0.0731399286718548 0.37513343659790915 0.08187838973889336 0.3710237323571816 0.08593735689022802
8 0.37342854510910345 0.07357967971319512 0.37797716453822805 0.07148836043543681 0.3804359963232753 0.08099584333761994 0.37588737689415064 0.08308716261537827
11 0.41184629365280356 0.26838606030358064 0.4200449353526236 0.264481945208429 0.4243698970997927 0.2806284690645304 0.41617125539997274 0.284532584159682
8 0.4065208796371096 0.2920559782295842 0.4111968926307788 0.2920559782295842 0.4111968926307788 0.2984854960958792 0.4065208796371096 0.2984854960958792
8 0.403306120703962 0.25114086453497936 0.40944338775815275 0.25114086453497936 0.40944338775815275 0.26068772439705384 0.403306120703962 0.26068772439705384
0 0.4056225967293352 0.3091468189651314 0.417013781277718 0.29933287535421854 0.420027352510295 0.3055513556754101 0.40863616796191216 0.315365299286323
0 0.3946963153780167 0.311180565274474 0.405227284295067 0.3071347693063428 0.40635378066669725 0.3123475760456531 0.395822811749647 0.3163933720137843
5 0.42265794505892734 0.5178413470495749 0.43375398002473686 0.5203278534844904 0.4329063073764702 0.5270527231607386 0.42181027241066066 0.524566216725823
11 0.43391647560042057 0.583735718314428 0.43985258074724515 0.5759347962585712 0.45139236600212485 0.5915458006795592 0.44545626085530027 0.599346722735416
10 0.4410623712994223 0.9644626602473289 0.4528520790541453 0.9692970321287905 0.44577034032078516 0.9999999999999988 0.43398063256606223 0.9951656281185373
7 0.39901465294611393 0.7695863732757305 0.40733927861280095 0.7692204556640083 0.40774371386786246 0.7855776148687266 0.39941908820117544 0.7859435324804488
8 0.3951230979650412 0.7742698182017128 0.3990684839284495 0.7742698182017128 0.3990684839284495 0.7791406650701181 0.3951230979650412 0.7791406650701181
8 0.3951230979650412 0.7812838376922167 0.3990684839284495 0.7812838376922167 0.3990684839284495 0.7886875249321926 0.3951230979650412 0.7886875249321926
8 0.4769561191299791 0.237034788948097 0.4816812621507626 0.2348434182717916 0.4837454861685529 0.24275627700665428 0.4790203431477693 0.24494764768295968
8 0.4910654537282554 0.08021361173018632 0.4947081775803359 0.07877451094911755 0.4972390807111014 0.09016357503756317 0.4935963568590208 0.09160267581863193
11 0.6108324051002652 0.10868522729167146 0.6193602016058721 0.10300002962126752 0.6291585655771516 0.12912900021134913 0.6206307690715446 0.13481419788175308
11 0.656625637027892 0.16436493576983388 0.6645988786317681 0.16325882132767816 0.6666123857886096 0.18906154267091835 0.6586391441847335 0.19016765711307407
0 0.6908165525321457 0.1665608441037822 0.7034733807521714 0.16257444151479958 0.7051194514841388 0.17186559631302062 0.6924626232641132 0.1758519989020032
8 0.6129454679200849 0.22926861211199354 0.6189366095682233 0.22926861211199354 0.6189366095682233 0.23842580422459575 0.6129454679200849 0.23842580422459575
8 0.6174753555077018 0.22283909424569873 0.6217129922832145 0.22283909424569873 0.6217129922832145 0.22926861211199379 0.6174753555077018 0.22926861211199379
8 0.6387141498539896 0.26380506639283224 0.6449975423142333 0.26380506639283224 0.6449975423142333 0.2753002650022693 0.6387141498539896 0.2753002650022693
11 0.5767178636607125 0.4134320142215506 0.5850915328151806 0.4144171517691345 0.5833044558321504 0.441421870623828 0.5749307866776824 0.44043673307624415
8 0.3713051116203374 0.8380196070575607 0.3765582140799371 0.8380196070575607 0.3765582140799371 0.8451945762706726 0.3713051116203374 0.8451945762706726
8 0.6798982590079035 0.8806947241886938 0.6853389970504933 0.8806947241886938 0.6853389970504933 0.8927096873660797 0.6798982590079035 0.8927096873660797
8 0.7645058407633356 0.22755018856706283 0.7684542459130047 0.22755018856706283 0.7684542459130047 0.23892159539811 0.7645058407633356 0.23892159539811
