10 0.4230109943379537 0.5449799014709336 0.42225599433795374 0.49846390147093356 0.4357130056620462 0.4980755985290664 0.43646800566204613 0.5445915985290664
10 0.3771339970108539 0.46595479518585403 0.3768439970108539 0.44607979518585406 0.41244900298914616 0.445156204814146 0.4127390029891462 0.46503120481414595
10 0.37977100073818726 0.4386496261266919 0.37988200073818723 0.4200296261266919 0.4127419992618128 0.4203778738733082 0.4126309992618128 0.4389978738733082
13 0.34829548823477874 0.049923696592441134 0.35006548823477873 -0.0002553034075588698 0.3673295117652212 0.0008273034075588462 0.3655595117652213 0.051006303407558844
4 0.3798180041725127 0.5363901825799843 0.3793780041725127 0.5171391825799843 0.41497399582748723 0.5156928174200156 0.4154139958274873 0.5349438174200156
10 0.38665076266046955 0.510991036100447 0.38643276266046955 0.493177036100447 0.4184277373395307 0.4924809638995529 0.4186457373395307 0.510294963899553
10 0.43095775644162115 0.7511191205815956 0.42853375644162117 0.7057481205815956 0.44234974355837886 0.7044358794184045 0.44477374355837884 0.7498068794184044
10 0.3793429980192705 0.4137022111743534 0.37951399801927055 0.39546421117435343 0.4128450019807293 0.3960197888256467 0.41267400198072923 0.4142577888256467
4 0.45885301232718945 0.3330109782838815 0.4611610123271894 0.2821499782838815 0.4755219876728105 0.2833085217161186 0.4732139876728105 0.3341695217161186
10 0.4032949207016777 0.28109092271685254 0.4214969207016777 0.24144492271685256 0.43472607929832213 0.2522425772831475 0.41652407929832214 0.2918885772831475
10 0.37028399626582 0.051380507779929446 0.37011499626582 0.03135050777992945 0.40439000373418005 0.030836392174479626 0.40455900373418 0.05086639217447962
4 0.4258480072933621 0.5868669755407415 0.43912500729336207 0.5423409755407415 0.45214699270663783 0.5492440244592585 0.43886999270663785 0.5937700244592585
4 0.420910967821736 0.1923381039172832 0.40986696782173593 0.1421991039172832 0.42336003217826396 0.1369153960827168 0.434404032178264 0.1870543960827168
10 0.3830866049455636 0.816053475606685 0.39139560494556364 0.800791475606685 0.4184763950544363 0.8270020243933153 0.4101673950544363 0.8422640243933153
10 0.36958970915014555 0.09756616505536721 0.37011670915014555 0.07929616505536721 0.4048897908498546 0.08107933494463279 0.4043627908498546 0.09934933494463279
10 0.3979336393998494 0.024473544314273964 0.3988256393998494 -0.00018245568572603096 0.4124833606001506 0.0006959556857260351 0.4115913606001506 0.02535195568572603
4 0.387866264751213 0.3502426539266578 0.39441826475121305 0.3354916539266578 0.42567573524878705 0.36017384607334224 0.419123735248787 0.3749248460733422
7 0.36270200055300833 0.8524848333126086 0.3625590005530083 0.8309578333126085 0.37180299944699163 0.8308486666873915 0.3719459994469916 0.8523756666873916
10 0.38691372522544987 0.6063944021611176 0.37908172522544986 0.5893534021611178 0.40872427477455014 0.5651335978388827 0.41655627477455015 0.5821745978388826
6 0.6818370011416783 0.8222037830666403 0.6819000011416784 0.8102467830666402 0.7049490509278833 0.8104626811661682 0.7048860509278833 0.8224196811661681
7 0.3985660213329464 0.14983006442217262 0.3870744847667075 0.11512784946576206 0.39752644210081484 0.10897472062141693 0.4090179786670537 0.14367693557782749
5 0.5472783007929913 0.46107030973916857 0.5465723007929915 0.43669630973916873 0.5563131546482605 0.4361947156673932 0.5570191546482604 0.4605687156673931
5 0.3387747047173736 0.5864161365775266 0.3380712758485281 0.5788033936923559 0.35165278181028375 0.5765723687397056 0.3523562106791292 0.5841851116248762
7 0.3511010020815061 0.26281584177886524 0.3515220020815061 0.23083284177886526 0.36328699791849417 0.23110815822113479 0.3628659979184942 0.26309115822113477
13 0.21620699500247656 0.6104310177449823 0.21309599500247653 0.4657860177449823 0.22676200499752344 0.4652634822550177 0.22987300499752344 0.6099084822550177
11 0.5349248133198103 0.935806042729024 0.5409652973084939 0.905236386736203 0.5497631866966309 0.9083269465744791 0.5437227027079474 0.9388966025673001
4 0.6028062367770457 0.40592293102128096 0.5924722367770457 0.3520139310212809 0.6076102632229541 0.34685506897871893 0.617944263222954 0.400764068978719
5 0.35869420620354914 0.5449414146052837 0.3582292062035491 0.5262024146052837 0.3648680073386662 0.5259095454230952 0.3653330073386662 0.5446485454230952
9 0.3375599924172865 0.4792458821602012 0.33656699241728655 0.43104388216020123 0.3520560075827134 0.43047661783979885 0.3530490075827134 0.47867861783979887
10 0.589294048291016 0.7588078806971407 0.574836048291016 0.7196788806971407 0.586486951708984 0.7120256193028587 0.600944951708984 0.7511546193028588
10 0.43183267246041274 0.24390605414949815 0.4328752953140314 0.1950194158544853 0.44631330584949747 0.1955289221055943 0.44527068299587874 0.24441556040060716
10 0.40903403966122254 0.23790399831210143 0.41861103966122254 0.19329799831210137 0.43389298672793875 0.19913100362012434 0.42431598672793874 0.2437370036201244
11 0.5534295099814894 0.9355715340484921 0.5538205099814895 0.9134745340484921 0.5616795060462657 0.9137217565441613 0.5612885060462658 0.9358187565441615
10 0.38542567806014055 0.8010874307610065 0.3882786780601406 0.7840034307610065 0.41978282193985933 0.7933565692389939 0.4169298219398594 0.8104405692389939
7 0.6468400111427018 0.19989799792366067 0.6476130111427019 0.18241599792366067 0.6583689888572982 0.18326150207633918 0.6575959888572982 0.2007435020763392
13 0.3326247486194313 0.40867991876621235 0.33178274861943136 0.35912691876621233 0.34654175138056864 0.3586810812337879 0.34738375138056865 0.40823408123378796
9 0.41645505677455935 0.7119841507703403 0.39778805677455925 0.6624131507703404 0.41140994322544067 0.6532938492296598 0.43007694322544077 0.7028648492296597
11 0.5127639946903917 0.9912931766772624 0.5130679946903917 0.9668171766772624 0.5231740053096083 0.9670403233227376 0.5228700053096084 0.9915163233227375
10 0.45962500136669887 0.5989601835406103 0.46057800136669885 0.5526241835406103 0.4742289986333011 0.5531233164593898 0.4732759986333011 0.5994593164593899
10 0.5876470459029735 0.18651291749683813 0.5756700459029733 0.14281091749683814 0.5891759540970264 0.13623058250316178 0.6011529540970265 0.1799325825031618
11 0.4491539382321647 0.24502480687833675 0.4521956402327641 0.2194233806428974 0.4597935451085215 0.2210281914060633 0.45675184310792205 0.24662961764150268
9 0.06381799179617986 0.6420702259150438 0.05463799179617986 0.6151192259150439 0.06307000820382012 0.6100132740849563 0.07225000820382013 0.6369642740849563
11 0.3767952796252277 1.000194281833734 0.3734032796252277 0.9696512818337341 0.38420722037477234 0.9675182181662659 0.38759922037477235 0.9980612181662659
10 0.4191842805334136 0.013199461091708045 0.41834896283701395 0.0017455547709978394 0.43181246212878655 7.046215462954327e-17 0.43264777982518615 0.011453906320710276
6 0.5108483502019537 0.7182293944128215 0.5123220435005127 0.6942414366125498 0.5229717113803061 0.6954045642353163 0.5214980180817471 0.719392522035588
10 0.40209314008532865 0.24388681593410907 0.4153463388005636 0.2531149691136034 0.4003378311721473 0.29143456305850696 0.38708463245691227 0.28220640987901263
1 0.41483731563868853 0.38162152260029736 0.43697661228295975 0.38162152260029736 0.43697661228295975 0.49119227887364264 0.41483731563868853 0.49119227887364264
6 0.5117947054729993 0.765501017211113 0.5114408740523557 0.7466386020055958 0.5221228697626996 0.7462823732546283 0.5224767011833432 0.7651447884601456
6 0.5117947054729993 0.765501017211113 0.5114408740523557 0.7466386020055958 0.5221228697626996 0.7462823732546283 0.5224767011833432 0.7651447884601456
6 0.5117947054729992 0.7901688017184746 0.5114408740523556 0.7713063865129574 0.5221228697626995 0.7709501577619899 0.5224767011833431 0.7898125729675071
6 0.5117947054729992 0.7901688017184746 0.5114408740523556 0.7713063865129574 0.5221228697626995 0.7709501577619899 0.5224767011833431 0.7898125729675071
11 0.5658827512360758 0.9118129188043763 0.576770518688808 0.911057065112805 0.5778087338735463 0.9376438577059609 0.566920966420814 0.9383997113975321
11 0.5896315820897902 0.7967618527047422 0.6109225086564132 0.8001560583892724 0.6097301065498868 0.8134531485469142 0.5884391799832639 0.810058942862384
11 0.6128555647269676 0.7979390120378966 0.6318287135044156 0.7979390120378966 0.6318287135044156 0.8104353831202319 0.6128555647269676 0.8104353831202319
6 0.5486211694683799 0.7257038913912265 0.5602793693195828 0.7257038913912265 0.5602793693195828 0.7580115824821421 0.5486211694683799 0.7580115824821421
11 0.5881514860737115 0.5431045345506373 0.5949885437295478 0.5421449475112218 0.5967966456789293 0.5650475722033914 0.5899595880230929 0.5660071592428069
8 0.5984177383884433 0.5385291852484637 0.6034120139411823 0.5385291852484637 0.6034120139411823 0.5431072711718077 0.5984177383884433 0.5431072711718077
8 0.5958165532047249 0.5426910815424129 0.5993541650545818 0.5426910815424129 0.5993541650545818 0.5467142479598971 0.5958165532047249 0.5467142479598971
8 0.43987064977871076 0.37320959260590203 0.44577047003590237 0.37320959260590203 0.44577047003590237 0.38073400104985816 0.43987064977871076 0.38073400104985816
5 0.3381900471490786 0.5619904426132023 0.3374866182802331 0.5543776997280316 0.3510681242419887 0.5521466747753814 0.3517715531108342 0.5597594176605519
8 0.34095298921291467 0.697356226887281 0.34658082332500056 0.6947078343639462 0.3477012970848731 0.6989407352345754 0.3420734629727872 0.7015891277579103
8 0.3605327537704071 0.6543455242454417 0.3657356882475692 0.6543455242454417 0.3657356882475692 0.6590383671071957 0.3605327537704071 0.6590383671071957
8 0.3599206438319176 0.6655675397844188 0.3637463309474778 0.6655675397844188 0.3637463309474778 0.671280565876989 0.3599206438319176 0.671280565876989
11 0.42011151943914193 0.6513523525231816 0.4291766553992492 0.6475604002261423 0.43547098537523427 0.6743113026240719 0.426405849415127 0.6781032549211112
8 0.6139579606787972 0.3110876612248656 0.6201314851918429 0.3110876612248656 0.6201314851918429 0.31961300460002207 0.6139579606787972 0.31961300460002207
5 0.42171874736337756 0.7726012979853235 0.4281432562266289 0.7740697571540668 0.42563628114659974 0.7935684522209588 0.4192117722833483 0.7920999930522156
4 0.3356076813340579 0.4945624109529109 0.35091870138020265 0.4945624109529109 0.35091870138020265 0.5449406059434528 0.3356076813340579 0.5449406059434528
6 0.6061669361422993 0.5517359851455489 0.6146353629076501 0.5500709181317767 0.6165387490902566 0.5672807015328308 0.6080703223249058 0.5689457685466031
11 0.3805761919560677 0.0 0.3910175320489291 0.0 0.3910175320489291 0.020456503039072052 0.3805761919560677 0.020456503039072052
8 0.6285944847320639 0.6184478205130259 0.6321082162548995 0.6184478205130259 0.6321082162548995 0.6246944543314001 0.6285944847320639 0.6246944543314001
8 0.6312716135113674 0.6244713602664583 0.6346180244854963 0.6244713602664583 0.6346180244854963 0.6311641822147164 0.6312716135113674 0.6311641822147164
