11 0.688134765625 0.5163452148437502 0.6879559103957832 0.5066327371286083 0.7100630102539062 0.5059089999999998 0.710241865483123 0.5156214777151416
6 0.858904695065775 0.47562804904167033 0.860490234375001 0.4916627604166672 0.8350660911490021 0.4961320620511555 0.8334805518397761 0.4800973506761586
11 0.7694329982381896 0.48702337612499014 0.769421875 0.4984049479166665 0.7516583855254699 0.49837408515740456 0.7516695087636596 0.4869925133657282
10 0.6268884515179911 0.4740703059283517 0.6265365600585937 0.49168701171875 0.5906772105930295 0.4904136144769765 0.5910291020524269 0.4727969086865782
11 0.5237093055381469 0.5058813139296816 0.52991553492357 0.4980668896833653 0.5421116924833246 0.5152868179256295 0.5359054630979013 0.5231012421719459
2 0.4714567968734029 0.5260979161308887 0.47084350585937507 0.5136840820312499 0.4910764136414316 0.5119070451572387 0.49168970465545947 0.5243208792568775
11 0.39020805393197533 0.4930558410467395 0.3899565972222222 0.5066435185185184 0.3691040120402469 0.5059574691384455 0.36935546875 0.49236979166666667
11 0.3545093217834219 0.4950098619676356 0.35561661423782126 0.5073117848263285 0.33566261289277644 0.5105047693346294 0.3345553204383771 0.4982028464759365
6 0.23910165178359713 0.469905010441396 0.23893493102477478 0.48034088776276274 0.2215786578452552 0.4798479470786278 0.22174537860407756 0.46941206975726113
6 0.20641408140071418 0.4709654458768315 0.20624736064189184 0.48140132319819817 0.18889108746237226 0.4809083825140633 0.1890578082211946 0.47047250519269657
6 0.18118418539052483 0.47345740470464964 0.1810203758445946 0.4837110548048049 0.16388109473334905 0.4832242769770322 0.16404490427927929 0.4729706268768769
6 0.14386982024412845 0.47513838255750246 0.14370601069819822 0.48539203265765773 0.12656672958695264 0.484905254829885 0.12673053913288287 0.4746516047297297
6 0.10274444546022349 0.4766507823237041 0.10257689329954953 0.4871387012012012 0.0866646902379747 0.4866867739826021 0.08683224239864866 0.47619885510510507
6 0.05937404884178629 0.47951870318290185 0.05918936514639639 0.49107896959459457 0.041548846710015526 0.49057795597625725 0.04173353040540542 0.47901768956456453
6 0.039110449639326667 0.4793343379989193 0.03890589808558558 0.49213823198198203 0.026989596344691072 0.49179979354697023 0.027194147898432157 0.4789958995639075
6 0.3411017741168056 0.5702588106425295 0.33133544921874986 0.5724338107638889 0.327999382935118 0.5458030221952406 0.3377657078331737 0.5436280220738811
11 0.3326090494791668 0.6542046440972222 0.3420740568831436 0.6520252040083585 0.34484649457868927 0.6734302069207944 0.3353814871747125 0.6756096470096581
11 0.36323006602944174 0.7485654573852071 0.35363809488216663 0.7492351925387901 0.3527861334103588 0.7275430626142912 0.36237810455763386 0.7268733274607081
11 0.3798994453697195 0.9452433364361332 0.3703074742224444 0.9459130715897162 0.36945551275063654 0.9242209416652174 0.37904748389791165 0.9235512065116342
8 0.006041283795621524 0.47286097857087056 0.016110090121657403 0.47286097857087056 0.016110090121657403 0.4773360036046645 0.006041283795621524 0.4773360036046645
8 0.008278796312518393 0.4770376686024112 0.017676348883485217 0.4770376686024112 0.017676348883485217 0.48121435863395207 0.008278796312518393 0.48121435863395207
8 0.014096328856450237 0.5188045689178193 0.02304637892403769 0.5188045689178193 0.02304637892403769 0.5247712689628777 0.014096328856450237 0.5247712689628777
8 0.14320080108139924 0.5140312088817728 0.15125584614222792 0.5140312088817728 0.15125584614222792 0.5214895839380957 0.14320080108139924 0.5214895839380957
8 0.12104942716412027 0.5182078989133135 0.12619570595298307 0.5182078989133135 0.12619570595298307 0.5235779289538661 0.12104942716412027 0.5235779289538661
11 0.19936236525551052 0.5223845889448544 0.20898366907816723 0.5223845889448544 0.20898366907816723 0.525964608971891 0.19936236525551052 0.525964608971891
11 0.2593277007083464 0.5244729339606249 0.27252902455803785 0.5244729339606249 0.27252902455803785 0.534914659039477 0.2593277007083464 0.534914659039477
8 0.14141079106788174 0.463910928503283 0.15058459238715888 0.463910928503283 0.15058459238715888 0.4695792935460883 0.14141079106788174 0.4695792935460883
8 0.193992335214958 0.467192613528065 0.2029423852825454 0.467192613528065 0.2029423852825454 0.4716676385618587 0.193992335214958 0.4716676385618587
8 0.2197237291592719 0.45973423847174194 0.22845002797516972 0.45973423847174194 0.22845002797516972 0.4654026035145477 0.2197237291592719 0.4654026035145477
8 0.2472451331171034 0.46271758849427125 0.25373391941610424 0.46271758849427125 0.25373391941610424 0.4692809585438354 0.2472451331171034 0.4692809585438354
8 0.3186217824061133 0.4964294437488508 0.3251105687051141 0.4964294437488508 0.3251105687051141 0.5020978087916561 0.3186217824061133 0.5020978087916561
8 0.32980934499059766 0.4877777286835162 0.3356268775345295 0.4877777286835162 0.3356268775345295 0.4925510887195627 0.32980934499059766 0.4925510887195627
8 0.5752644680941834 0.4880760636857691 0.582648259399943 0.4880760636857691 0.582648259399943 0.4940427637308274 0.5752644680941834 0.4940427637308274
8 0.4109592379880228 0.6423276581846529 0.41569872324755724 0.6423276581846529 0.41569872324755724 0.6500739136626017 0.4109592379880228 0.6500739136626017
8 0.4161573831113832 0.6398814722442479 0.4208968683709177 0.6398814722442479 0.4208968683709177 0.6443661464683236 0.4161573831113832 0.6443661464683236
5 0.4682404191838816 0.6438003682795697 0.4809001126284 0.6409216782973542 0.4814912721783192 0.6455434711421785 0.4688315787338008 0.6484221611243938
8 0.33697440280921476 0.7067444116953676 0.3404634190595884 0.7106885170218752 0.33701830389033527 0.7161064759205321 0.3335292876399617 0.7121623705940245
8 0.34328417949032525 0.7047862836645414 0.34504509246731524 0.7074392063715471 0.34216388378649026 0.7108391012151275 0.34040297080950027 0.7081861785081219
8 0.3486064706751481 0.7602247294682197 0.3511011189359361 0.7635952764516831 0.3472039239863065 0.7687231645433029 0.3447092757255185 0.7653526175598395
8 0.3426406268501791 0.7752355623181418 0.3451352751109671 0.7786061093016052 0.3412380801613375 0.783733997393225 0.3387434319005495 0.7803634504097616
8 0.3430255200001771 0.7802391732681158 0.3455201682609651 0.7836097202515792 0.3416229733113355 0.788737608343199 0.3391283250505475 0.7853670613597356
8 0.3532950957406075 0.8589135448136824 0.35619985473889215 0.8618006992119781 0.35269945705434264 0.8680615731193011 0.349794698056058 0.8651744187210054
8 0.3590808965023273 0.8631137541688666 0.3617696663169126 0.8665139854120553 0.3576572627465337 0.8722951904312807 0.3549684929319484 0.868894959188092
8 0.36371352681256963 0.7893483111514017 0.3662081750733576 0.7927188581348651 0.36231098012372803 0.7978467462264848 0.35981633186294004 0.7944761992430214
