11 0.29511618039423965 0.16657203754756927 0.3009827453070481 0.15738209619596524 0.3136224263765937 0.17172657356354198 0.3077558614637852 0.18091651491514602
6 0.36732279406565227 0.2683823413703956 0.37382567171188225 0.25998815120018454 0.385370890830181 0.27588849196293785 0.378868013183951 0.2842826821331489
11 0.3871620181234502 0.2974747020997458 0.38029369068503416 0.3059511565657111 0.3671779282381101 0.28705785862392375 0.3740462556765261 0.27858140415795846
11 0.44806371083178353 0.3438701014053015 0.4411953833933675 0.3523465558712667 0.42807962094644353 0.3334532579294792 0.43494794838485956 0.32497680346351404
0 0.4192187499999999 0.2924522569444445 0.416035449646038 0.2963808845097129 0.40880371093750006 0.2859635416666666 0.41198701129146204 0.2820349141013982
13 0.44798665364583334 0.39625868055555563 0.43932885129215743 0.40565415954744377 0.42126160133779667 0.37605643885374146 0.42991940369147263 0.3666609598618534
11 0.44890328691375075 0.38272180382767895 0.45564173826758747 0.37466469575768513 0.46672334069041577 0.3911410433945434 0.45998488933657905 0.3991981514645373
13 0.4697445751011648 0.4510748720457402 0.4783262942805073 0.4429639413914857 0.49521558528452714 0.47473213366063843 0.4866338661051846 0.482843064314893
11 0.5451945289309879 0.6625796959848868 0.5356456012174061 0.6629235161910133 0.5351488955481789 0.6383990366540021 0.5446978232617606 0.6380552164478756
11 0.5427766927083334 0.7363194444444445 0.534769221960323 0.736312431047926 0.5347797794351219 0.7148833032918024 0.5427872501831323 0.7148903166883209
11 0.5258556751606552 0.7362957705179365 0.5338597305073921 0.736607649282768 0.5333902501078001 0.7580276369405327 0.5253861947610632 0.7577157581757011
6 0.5293724869966346 0.8719597145107219 0.540805733169974 0.8730938508158647 0.5391984765450325 0.901898792433723 0.5277652303716931 0.9007646561285801
6 0.45488843370341875 0.4277545187815559 0.4620259995823749 0.4203631327619912 0.47056345026691976 0.43501962110317505 0.4634258843879636 0.44241100712273973
7 0.5149739583333335 0.9203949652777779 0.5235009765625002 0.9203949652777779 0.5235009765625002 0.9474587673611111 0.5149739583333335 0.9474587673611111
8 0.38954930141260474 0.30013861762195604 0.3924133927972491 0.296700151820839 0.39633528342017443 0.30250773063681435 0.39347119203553005 0.3059461964379314
8 0.3554859178702026 0.24988439532737328 0.3578333033263042 0.24706625738103574 0.3617551939492295 0.25287383619701115 0.359407808493128 0.25569197414334865
8 0.3776997608813033 0.23092225388356052 0.3805638522659477 0.2274837880824435 0.384485742888873 0.23329136689841887 0.3816216515042286 0.2367298326995359
8 0.4973648046359829 0.40658635422548545 0.4999763754175832 0.40306978366808216 0.5032280639632872 0.40736286266306276 0.500616493181687 0.41087943322046605
8 0.4870062397413758 0.3898676633962944 0.48921166491489443 0.386897981974526 0.49246335346059844 0.3911910609695066 0.4902579282870798 0.394160742391275
8 0.8453998951882923 0.16952641084075992 0.8516915051960803 0.16553173781994154 0.8533047385314108 0.1700487911588663 0.8470131285236228 0.17404346417968472
8 0.844863854470475 0.16499984477919333 0.851155464478263 0.16100517175837495 0.8527686978135934 0.16552222509729972 0.8464770878058054 0.1695168981181181
