10 0.5031999998654064 0.19920100184456202 0.5061629998654065 0.15859400184456207 0.5210180001345937 0.16052099815543794 0.5180550001345937 0.20112799815543791
11 0.4882850000000001 0.23793700000000004 0.5009266716864764 0.21941301371864141 0.5067224839154412 0.2264447380514706 0.49408081222896494 0.24496872433282924
10 0.30010494074005456 0.20376421392557764 0.28223394074005453 0.1603002139255776 0.2962495592599452 0.15005528607442248 0.31412055925994525 0.19351928607442248
11 0.44055909229302714 0.2917398769948387 0.45370509229302725 0.27421987699483874 0.45944090770697277 0.28187112300516126 0.4462949077069727 0.29939112300516124
11 0.6200009589523229 0.8243819104993949 0.6109239589523229 0.8045899104993951 0.6174990410476773 0.7992290895006049 0.6265760410476772 0.8190210895006048
6 0.5001422012061403 0.5257447002923975 0.4877528777271343 0.4984315286047074 0.49648001102941186 0.4913939292279413 0.5088693345084178 0.5187071009156313
6 0.8106155960648149 1.0000665107381688 0.7880841472407775 1.0009079195283046 0.7877503848614651 0.9850189061771993 0.8102818336855026 0.9841774973870635
6 0.5244686037651954 0.5807428548199566 0.5120792802861895 0.5534296831322665 0.520806413588467 0.5463920837555003 0.5331957370674729 0.5737052554431904
6 0.5415669059305498 0.6217441261454159 0.5291775824515438 0.5944309544577258 0.5379047157538213 0.5873933550809596 0.5502940392328273 0.6147065267686497
6 0.6075631637132468 0.7666423799782298 0.5960292337505949 0.7400099823314447 0.6038090281425688 0.7340201779949082 0.6153429581052207 0.7606525756416933
11 0.6323736496913579 0.9678530092592594 0.6242140346103305 0.9569502911329074 0.6373323350397656 0.9394964936028323 0.645491950120793 0.9503992117291843
11 0.7442251775837562 0.955282155972968 0.7645716800685753 0.9561454589550531 0.7641179591049381 0.9751559284979423 0.7437714566201189 0.974292625515857
11 0.7174189814814812 0.96142779063786 0.740190972222222 0.96142779063786 0.740190972222222 0.9788306970164609 0.7174189814814812 0.9788306970164609
13 0.5724167371625004 0.9910266625687982 0.6077496163538689 0.9794390594504608 0.6117822404609562 1.0012990833159754 0.5764493612695878 1.012886686434313
8 0.4463616967444771 0.003154019945775126 0.45026819425665776 0.0004752787945650283 0.45395146333957165 0.010024494935451059 0.450044965827391 0.012703236086661157
8 0.6047999591626038 0.7320291706246573 0.6080539160854108 0.729703902932542 0.6108072610220203 0.7365536878967884 0.6075533040992132 0.7388789555889037
8 0.5947560629027386 0.7109633207912325 0.5980100198255458 0.7086380530991172 0.6007633647621552 0.7154878380633636 0.5975094078393481 0.717813105755479
8 0.6303403804362151 0.8787071773401232 0.6340963811141322 0.8787071773401232 0.6340963811141322 0.8839006597589716 0.6303403804362151 0.8839006597589716
8 0.6289492690740236 0.8733282134063157 0.6327052697519407 0.8733282134063157 0.6327052697519407 0.8785216958251642 0.6289492690740236 0.8785216958251642
8 0.6229017783074364 0.9846690050483956 0.627426255774145 0.9837491924105068 0.6285645360795717 0.9937031492260274 0.6240400586128632 0.9946229618639162
8 0.6889657878428573 0.9679926795333522 0.6899594388158514 0.9679926795333522 0.6899594388158514 0.9693175474973438 0.6889657878428573 0.9693175474973438
8 0.6875385213219206 0.9636807029065281 0.6910589269652754 0.9597811766554275 0.6958846422786801 0.9675261518497807 0.6923642366353252 0.9714256781008813
8 0.6752172492567958 0.9851435639231971 0.6787376549001507 0.9812440376720966 0.6835633702135554 0.9889890128664498 0.6800429645702005 0.9928885391175504
8 0.6153128945139142 0.9907809203203947 0.6184385004825989 0.9931005152919322 0.6155583371687007 1.0000000000000002 0.612432731200016 0.9976804050284626
8 0.5649913935706046 0.6825334820440665 0.5687731025982412 0.6844346690962124 0.5669232989799371 0.6909760036305027 0.5631415899523005 0.6890748165783568
