10 0.7034503119814641 0.36300269157589243 0.6961933119814641 0.3469166915758924 0.7215496880185359 0.32658030842410746 0.728806688018536 0.34266630842410756
11 0.2149857538247294 0.6365671553519199 0.20861875382472939 0.62028915535192 0.21484896176804458 0.6159569022522939 0.22121596176804456 0.632234902252294
9 0.9211480216159087 0.628987803499967 0.9014790216159088 0.580306803499967 0.9163519783840913 0.569623696500033 0.9360209783840913 0.618304696500033
5 0.3900550701179102 0.6327568759249935 0.3853030701179102 0.6242228759249935 0.39796592988208995 0.6116876240750063 0.40271792988208993 0.6202216240750064
11 0.6630636270132384 0.3832896138228812 0.6674615402893648 0.3926464935080648 0.6486882633341113 0.408333250772031 0.644290350057985 0.3989763710868474
5 0.9114761031423035 0.2337324168803786 0.9077386064112869 0.22630023386595152 0.9223602702663185 0.21322833453202403 0.926097766997335 0.22066051754645113
11 0.6177985895718415 0.4357626173207885 0.6129419151856607 0.4253904970095288 0.6261428044103162 0.4144016506451974 0.6309994787964971 0.4247737709564571
11 0.9253459950959672 0.20515598966183934 0.9209979950959671 0.19598998966183936 0.9392380049040329 0.18060801033816073 0.943586004904033 0.18977401033816071
11 0.8872225227109662 0.230801481964305 0.8837915227109663 0.22138348196430505 0.9063468397113595 0.20677555999392258 0.9097778397113594 0.2161935599939225
11 0.3033989692905864 0.7186986485885677 0.2968849692905864 0.7105436485885678 0.31014253070941356 0.6917173514114323 0.3166565307094136 0.6998723514114322
5 0.5551729439117709 0.5059631376832341 0.5504239439117709 0.496453137683234 0.5648790560882292 0.4836203623167658 0.5696280560882292 0.4931303623167659
11 0.9605540887635978 0.17314631299746316 0.9806031736732627 0.15907677972752288 0.9849445438758099 0.17007491757397597 0.9648954589661451 0.18414445084391623
11 0.9964110640384084 0.14773296310328393 0.9999293834666076 0.15730656650212313 0.9850775142868071 0.16700984335219873 0.981559194858608 0.1574362399533595
11 0.7691196556111732 0.2915773400637631 0.7861790290587196 0.27885170047908303 0.7904003936167497 0.28891206669740876 0.7733410201692034 0.3016377062820889
11 0.2904458007944682 0.7885090734691015 0.300660207415427 0.7858759131693469 0.3041737617329779 0.8101062799943428 0.2939593551120191 0.8127394402940974
6 0.30188170572794165 0.7922625355727007 0.31278708658104704 0.7892984241767472 0.3159094287319412 0.8097207067644863 0.30500404787883584 0.8126848181604397
8 0.30854376820175505 0.8232231096034807 0.3169168527161289 0.8194011611164395 0.3225526609917381 0.8413511512424988 0.3141795764773643 0.84517309972954
8 0.28399551999723266 0.7529878842085931 0.2909972000618466 0.7489289392435997 0.2932629560011269 0.755877257457393 0.28626127593651296 0.7599362024223864
8 0.3889152127103489 0.645732663342131 0.3945148497154894 0.6404261202849171 0.3970889725946403 0.6452550949884397 0.39148933558949983 0.6505616380456537
8 0.3958421160212771 0.6525681732218047 0.40066540213685187 0.6479901389426124 0.40408637423405186 0.6543976739818086 0.39926308811847705 0.6589757082610009
8 0.3911172651705856 0.6512982594247417 0.39570301987805373 0.6471405084899692 0.3975847403045542 0.6508301563850669 0.39299898559708607 0.6549879073198395
8 0.3220064770764343 0.8739982699557487 0.3312964261181388 0.8712275833994504 0.3347022533370721 0.891528984861323 0.32541230429536755 0.8942996714176213
8 0.5473165212177867 0.4679861851414093 0.5545392061535119 0.4615660207540978 0.558871592190957 0.4702307928289873 0.5516489072552317 0.4766509572162988
8 0.5992935087380392 0.42200889873625796 0.606190748608426 0.42200889873625796 0.606190748608426 0.4283952319495799 0.5992935087380392 0.4283952319495799
8 0.6082005103150072 0.417131820526648 0.6146340843051507 0.41419720782939273 0.6162511566750373 0.42049964373254695 0.6098175826848938 0.4234342564298022
8 0.720557981358781 0.37173664186190275 0.7282854627146431 0.36722894440431797 0.7300546835123787 0.37262085540694223 0.7223272021565166 0.37712855286452707
8 0.04464622070468859 0.22791456273692545 0.04821334655328388 0.21801664350677363 0.0557010636657804 0.22281399376243197 0.05213393781718511 0.23271191299258379
5 0.049997353524422784 0.3166113119417197 0.05339525071815903 0.3125982755135735 0.06407431326748887 0.32867315538972486 0.060676416073752626 0.332686191817871
11 0.14510418993658242 0.43669867994363826 0.15023221452438704 0.4288644518756587 0.16605896401766898 0.44728163006514055 0.16093093942986436 0.4551158581331201
8 0.17547589974933525 0.5060593734729185 0.17860726791040013 0.49911467550911554 0.1847607884681091 0.5040473436515815 0.1816294203070442 0.5109920416153845
8 0.17172249711004064 0.5100188618613533 0.17399514694862564 0.5052282726714019 0.1789506033317058 0.5094075840309854 0.17667795349312082 0.5141981732209367
8 0.8121538147352092 0.247246368027967 0.8202542029481164 0.2391275252511652 0.8230050997893855 0.24400689219446886 0.8149047115764784 0.25212573497127067
8 0.8652271887923803 0.2536549415420608 0.8742021266063048 0.24657611735080467 0.8767566528328207 0.2523339383693077 0.8677817150188962 0.25941276256056384
8 0.8700748621506368 0.25879337915571377 0.8772253700238191 0.25213152193335026 0.8799307902324826 0.25729394712676645 0.8727802823593003 0.2639558043491299
11 0.040470431132241566 0.2557959990739547 0.04693177249523776 0.24988067009070006 0.05469962682877591 0.26496487172617617 0.04823828546577972 0.27088020070943086
11 4.525365589504714e-19 0.2166149896794833 0.0064613413629962 0.2106996606962286 0.017608992651052046 0.23234700532587724 0.011147651288055846 0.2382623343091319
11 0.028540281481679614 0.280731086631886 0.035001622844675825 0.2748157576486313 0.04411804166716581 0.29251870286455345 0.03765670030416961 0.29843403184780815
8 0.11713157669652477 0.453316822559472 0.12784313418539933 0.453316822559472 0.12784313418539933 0.45851030497832024 0.11713157669652477 0.45851030497832024
6 0.2149299479667883 0.7689020425544157 0.22088957134383627 0.7604944878547518 0.23014682572059375 0.7721601336140798 0.22418720234354575 0.7805676883137437
11 0.2813722766399143 0.8148042391573601 0.2930327486760764 0.8117982992940476 0.29749848457606565 0.842595153197736 0.28583801253990354 0.8456010930610486
8 0.1558787317059465 0.8246604866935188 0.1644802779301003 0.8186441046350953 0.16619924423250704 0.8230131439870465 0.15759769800835322 0.82902952604547
8 0.0047090981582136315 0.9013484318115658 0.011978188411391486 0.8962640408148085 0.013697154713798221 0.9006330801667597 0.006428064460620369 0.9057174711635171
8 0.15819141152428795 0.8189044835900912 0.16679295774844177 0.8128881015316677 0.1685119240508485 0.817257140883619 0.15991037782669468 0.8232735229420425
8 0.11455885228491208 0.821782485141805 0.12316039850906589 0.8157661030833815 0.12487936481147263 0.8201351424353328 0.11627781858731882 0.8261515244937562
8 0.1293379100350076 0.6093285641992036 0.13357695731537603 0.608125156533229 0.13410757849745347 0.6114480586070855 0.12986853121708503 0.6126514662730602
8 0.04245717483008348 0.8935016195249894 0.0510587210542373 0.8874852374665659 0.05277768735664403 0.8918542768185173 0.044176141132490215 0.8978706588769407
8 0.007990384913207157 0.9350506265480738 0.01871432425483737 0.927549729085077 0.020433290557244105 0.9319187684370283 0.009709351215613891 0.9394196659000251
8 -7.216689845322953e-18 0.9146958099761597 0.008866592457127785 0.9084940403886617 0.01058555875953452 0.912863079740613 0.0017189663024067283 0.9190648493281109
8 0.004721478070804969 0.8584577600661273 0.01358807052793276 0.8522559904786293 0.015307036830339496 0.8566250298305805 0.006440444373211705 0.8628267994180786
8 0.13351826081861423 0.693580748069763 0.14238485327574202 0.6873789784822649 0.14410381957814875 0.6917480178342161 0.13523722712102096 0.6979497874217142
8 0.011716725121701936 0.6077940694906537 0.021318069909625263 0.6044825370213643 0.022244748264864476 0.6092590343633963 0.012643403476941149 0.6125705668326857
8 0.1194112463607573 0.631356086523783 0.1278493909432114 0.6279876399964455 0.1289106917780177 0.6327140705819893 0.12047254719556359 0.636082517109327
8 0.13171137215343187 0.6042054406890174 0.13932905846572147 0.6049649676390236 0.1390531239886388 0.6098849476383141 0.13143543767634924 0.6091254206883078
8 0.128489096118851 0.6060961653614526 0.1289069467738921 0.6060961653614526 0.1289069467738921 0.6077675679816169 0.128489096118851 0.6077675679816169
8 0.12486841053866474 0.6095187556671332 0.12910745781903316 0.6083153480011586 0.12963807900111057 0.6116382500750152 0.12539903172074215 0.6128416577409899
8 0.12241229786224371 0.6757207668483357 0.1302119571595719 0.6702652674491125 0.13193092346197863 0.6746343068010638 0.12413126416465045 0.680089806200287
8 0.07850212355723292 0.7172701790939382 0.08396435025334238 0.7134496052299935 0.08568331655574914 0.7178186445819447 0.08022108985963966 0.7216392184458894
8 0.04101846880772184 0.5954181779704373 0.04857280598971262 0.5928126645330292 0.04949948434495184 0.5975891618750612 0.04194514716296106 0.6001946753124693
8 0.02991656592047204 0.5811009701333234 0.039517910708395367 0.577789437664034 0.04044458906363458 0.582565935006066 0.030843244275711258 0.5858774674753554
8 0.039482643645476344 0.8896824683743828 0.048084189869630166 0.8836660863159594 0.0498031561720369 0.8880351256679107 0.04120160994788308 0.8940515077263341
