11 0.8262146133991009 0.4425725043764716 0.824961831945695 0.4525135068023395 0.8065988865874194 0.44839950051887006 0.8078516680408253 0.43845849809300214
13 0.8896714307789623 0.4255537888192659 0.8887994811804792 0.44401824762002895 0.8610859910102739 0.4416916381278537 0.861957940608757 0.42322717932709075
6 0.16550593964041094 0.2262039811643836 0.17300956180562496 0.21887429693127122 0.18312294732211518 0.23728031008445655 0.17561932515690115 0.2446099943175689
11 0.18826118364726027 0.24660566495433792 0.19576480581247432 0.23927598072122555 0.20587819132896454 0.2576819938744109 0.19837456916375049 0.26501167810752324
11 0.3741808361509505 0.39020950034945023 0.3737946810787672 0.40131813641552505 0.3548261596055556 0.40014590877247436 0.3552123146777389 0.38903727270639954
11 0.39517826765779984 0.4080801481805004 0.39479211258561653 0.41918878424657524 0.37582359111240493 0.4180165566035246 0.37620974618458825 0.4069079205374498
11 0.5234841772175134 0.437308468965183 0.523936077734856 0.42620424262347123 0.5428970693951564 0.4275760497457828 0.5424451688778138 0.4386802760874946
11 0.6159019156678084 0.4414008989726026 0.6163800623610732 0.42965174422994723 0.635616996621184 0.43104351549920866 0.635138849927919 0.44279267024186403
11 0.6417165278580357 0.4179493280788643 0.6412697988013699 0.4308005136986299 0.6213938917859617 0.4295722109198886 0.6218406208426275 0.416721025300123
6 0.5413593897779312 0.3983386959759267 0.5407561001712328 0.41054152397260296 0.5281482881584545 0.4094334147954935 0.5287515777651529 0.39723058679881723
6 0.45600777358059197 0.40118048267770207 0.45644198240626793 0.388797014575182 0.4697654111459698 0.38962753407448003 0.46933120232029385 0.4020110021770001
13 0.5026309742647058 0.9430274714052287 0.48916924700483855 0.9489676283311221 0.47916238424732693 0.9086515494877538 0.4926241115071942 0.9027113925618604
6 0.5036630667892157 0.9798228145424835 0.5127962858341697 0.9755441591838357 0.5177485447303922 0.9943372140522875 0.5086153256854382 0.9986158694109353
8 0.15931037783524216 0.2352952352489126 0.16049483528887906 0.2310756153678672 0.16840662256583938 0.2350238068799903 0.16722216511220245 0.23924342676103572
8 0.13549920638636312 0.1975469166423002 0.13793888133641005 0.19442955420612912 0.143783935904231 0.20256180403961896 0.14134426095418406 0.20567916647579007
8 0.30257118615734063 0.3991165554422005 0.3086046027225055 0.4008101460569837 0.3076808260235328 0.40666073181714363 0.30164740945836793 0.40496714120236044
8 0.33775066847733465 0.393870029117199 0.3428117317494033 0.3956358829691358 0.3418184389576889 0.40069694624120444 0.3367573756856202 0.3989310923892676
8 0.3092746438585667 0.47419947397394147 0.3149698727089294 0.47365218471504733 0.3152755395822479 0.4793070218714358 0.3095803107318852 0.47985431113032995
8 0.44246579328563834 0.4309042731147749 0.4486275543619151 0.4309042731147749 0.4486275543619151 0.4371638399224212 0.44246579328563834 0.4371638399224212
8 0.5584708728696198 0.41128551763624893 0.5634314340548847 0.41128551763624893 0.5634314340548847 0.4174035430980756 0.5584708728696198 0.4174035430980756
8 0.5974112781739488 0.4124429819128108 0.6023718393592136 0.4124429819128108 0.6023718393592136 0.41839565533512857 0.5974112781739488 0.41839565533512857
8 0.632383234530066 0.4114508696757578 0.6364756975079094 0.4114508696757578 0.6364756975079094 0.4164114308610226 0.632383234530066 0.4164114308610226
8 0.6376069056203169 0.4070366374280971 0.6410265119899692 0.40899069821075645 0.6395609664029747 0.4135501733702928 0.6361413600333223 0.4115961125876335
8 0.7003667710172382 0.4419701998583836 0.7018819905811804 0.44504655473062954 0.6980265236012618 0.4484224860165288 0.6965113040373196 0.44534613114428284
8 0.8537071771619074 0.43535031045903155 0.8624558123357624 0.43535031045903155 0.8624558123357624 0.4404965664436523 0.8537071771619074 0.4404965664436523
8 0.9623107843015164 0.4645566434358335 0.9716745719176334 0.46761420673905285 0.9707459318234738 0.4726701361405926 0.9613821442073568 0.4696125728373733
8 0.9560904942062904 0.47171878675583584 0.9619372499647294 0.47171878675583584 0.9619372499647294 0.47714615497042057 0.9560904942062904 0.47714615497042057
5 0.9051506532978716 0.9434887747937237 0.9081247114937167 0.9401935741635853 0.9134336458422729 0.9487118643047708 0.9104595876464279 0.9520070649349092
5 0.9226439905552202 0.8899663379519909 0.925902853042868 0.8854023674656915 0.9361360873448712 0.8983925005065869 0.9328772248572232 0.9029564709928863
5 0.9193890304244882 0.8750641081479629 0.929843956699274 0.8750641081479629 0.929843956699274 0.8800290046437517 0.9193890304244882 0.8800290046437517
8 0.5622479686757381 0.9862269226503999 0.5659270783787134 0.9862269226503999 0.5659270783787134 0.9956605372734137 0.5622479686757381 0.9956605372734137
8 0.05596152652969367 0.05512682737537937 0.05864989487420533 0.05097636396630891 0.06572454841239365 0.05912293470725338 0.06303618006788199 0.06327339811632383
