10 0.5453125 0.6151822916666667 0.5574332682291667 0.6151822916666667 0.5574332682291667 0.6585980902777779 0.5453125 0.6585980902777779
11 0.5708846126332915 0.49123165611895003 0.5635299152975206 0.4911236724102462 0.5637263899708753 0.4673338820754943 0.5710810873066462 0.46744186578419816
11 0.5740919412350628 0.38523881673741767 0.5657874327161385 0.38480702820651286 0.5666131695090834 0.35657370876900296 0.5749176780280076 0.3570054972999078
11 0.5551547147564417 0.3646335561350462 0.5630688150255494 0.36479609319495004 0.5628189180560581 0.3864276417816206 0.5549048177869506 0.38626510472171677
11 0.5544254557291668 0.30519097222222225 0.5620751953125 0.30519097222222225 0.5620751953125 0.32740234375 0.5544254557291668 0.32740234375
11 0.5565499520236623 0.20370089406635017 0.5651937636685964 0.20318869164965242 0.5658328604763383 0.22236247398920533 0.5571890488314042 0.22287467640590308
11 0.5659505208333335 0.11652777777777783 0.5586182799053919 0.11710717942112732 0.5573265738688747 0.08804700834741785 0.5646588147968163 0.08746760670406835
6 0.5441669569929636 0.07007264385382246 0.554852152753994 0.06870800494295609 0.557312799927697 0.1029604478946892 0.5466276041666667 0.10432508680555558
11 0.5639403205241752 0.0008994110200407271 0.5725904840693139 0.0011583765192846882 0.572267361767492 0.020346248702181484 0.5636171982223533 0.020087283202937522
2 0.5819768528520672 0.8214706146971373 0.5720042478108164 0.8220986879659509 0.571089553397933 0.7962789512750845 0.5810621584391839 0.795650878006271
8 0.5477503282438405 0.4714491675472619 0.5525092363953944 0.4714491675472619 0.5525092363953944 0.4822360260241171 0.5477503282438405 0.4822360260241171
8 0.5508436185423511 0.8140905544591348 0.5560784175090602 0.8140905544591348 0.5560784175090602 0.8226565891319316 0.5508436185423511 0.8226565891319316
8 0.668858815801988 0.9011921935971258 0.6723900640507845 0.9011921935971258 0.6723900640507845 0.9099113250756351 0.668858815801988 0.9099113250756351
8 0.6706898334124751 0.9093881771869247 0.6747442295499818 0.9093881771869247 0.6747442295499818 0.918979221813285 0.6706898334124751 0.918979221813285
5 0.6700139815515511 0.8170566389715381 0.6754810040664777 0.8170566389715381 0.6754810040664777 0.8347130968715972 0.6700139815515511 0.8347130968715972
8 0.6611416691164328 0.5814111594160448 0.6629579301868741 0.5781397652072966 0.6670982884823211 0.5822263526157897 0.6652820274118798 0.5854977468245379
8 0.6568488757830305 0.5825559043049523 0.6586651368534718 0.5792845100962041 0.6628054951489188 0.5833710975046972 0.6609892340784774 0.5866424917134454
