10 0.029375221347596132 0.9843254983363686 0.022690221347596125 0.9692754983363685 0.05187477865240387 0.9462295016636315 0.05855977865240388 0.9612795016636316
6 0.47434075135229137 0.9775001341700683 0.4666709906846528 0.9595991178222842 0.476281389682184 0.9522789166747155 0.48395115034982256 0.9701799330224996
11 0.4613969329091426 0.4538583729882027 0.45152693290914253 0.4337333729882027 0.4580045670908576 0.4280856270117972 0.46787456709085756 0.4482106270117972
7 0.4658975094363399 0.9558810716314408 0.45722908129021295 0.9382103296590326 0.4665905431258962 0.9300462597941387 0.47525897127202316 0.9477170017665469
11 0.5036369234988588 0.6241001883374667 0.5123489234988587 0.6026511883374668 0.5195400765011411 0.6078438116625332 0.5108280765011411 0.6292928116625331
11 0.2861545236725387 0.028803388014542644 0.27575452367253867 0.0073003880145426385 0.2828535505165128 0.0011964435166829214 0.2932535505165128 0.02269944351668293
7 0.45012884825634353 0.3648493436044808 0.4586488186057743 0.35919265711077886 0.4654984717528319 0.3775336155599556 0.4569785014034011 0.38319030205365756
7 0.4377199376240726 0.3455470675926133 0.4455044316034895 0.3382452589078048 0.45627740629373903 0.3586632518825858 0.4484929123143221 0.36596506056739425
7 0.4734602995461366 0.6864367990490553 0.4798535059622447 0.6985455476144891 0.46430959820821593 0.7131356099975215 0.45791639179210786 0.7010268614320877
8 0.30965113670208166 0.05392032862544985 0.31472760692480733 0.04956568750199288 0.31921344570266486 0.05886242583871205 0.3141369754799392 0.06321706696216901
11 0.30555698657801295 0.07191997224892986 0.29515698657801287 0.05041697224892984 0.302256013421987 0.04431302775107013 0.31265601342198707 0.06581602775107014
6 0.2963840082367811 0.019473100691541734 0.3035590415573941 0.013095293295441578 0.31113268784026304 0.028242585861179986 0.30395765451965007 0.03462039325728014
7 0.48376913991245657 0.42871679436849625 0.4898840337881441 0.4242778343698485 0.4963945084528275 0.4402218539568265 0.49027961457714 0.44466081395547424
7 0.5006961397096046 0.4784934674701592 0.5095198494256407 0.4720881078244435 0.5172190920383974 0.4909433958556826 0.5083953823223614 0.4973487555013983
7 0.5097474057877037 0.4986805336322224 0.5185711155037398 0.49227517398650666 0.5262703581164966 0.5111304620177458 0.5174466484004605 0.5175358216634615
7 0.5179758294950667 0.518209325897697 0.5267995392111027 0.5118039662519813 0.5346746339187463 0.5310899124747798 0.5258509242027103 0.5374952721204954
8 0.5598171866354755 0.619142386884261 0.565378795136008 0.6212444121443038 0.5643901528123935 0.6258946927035296 0.558828544311861 0.6237926674434867
8 0.5449261427976564 0.6033528200096996 0.5519373440631016 0.6033528200096996 0.5519373440631016 0.6089358136099614 0.5449261427976564 0.6089358136099614
8 0.5458999207511908 0.5947835740185999 0.5529111220166358 0.5947835740185999 0.5529111220166358 0.6003665676188618 0.5458999207511908 0.6003665676188618
7 0.5287531761124094 0.5414099755165747 0.5375768858284455 0.5350046158708589 0.5443093258758631 0.5514922241502471 0.535485616159827 0.5578975837959629
7 0.5063593959790468 0.6614971857482598 0.5121427126525123 0.6724508016516714 0.499286112457604 0.6845184619752988 0.4935027957841385 0.6735648460718873
7 0.48774598191624385 0.6790706358971796 0.49352929858970934 0.6900242518005911 0.4835864270842992 0.6993569831720065 0.47780311041083373 0.6884033672685949
7 0.44668726523833846 0.7897506726404725 0.4559273529464712 0.7847408690133334 0.4616335412898142 0.8034510921219205 0.45239345358168154 0.8084608957490595
7 0.45974455729139896 0.8247826434797595 0.46587073879723834 0.8171524293886523 0.4747231247052129 0.8297878861974675 0.4685969431993735 0.8374181002885747
7 0.4166150353463649 0.8530250930098223 0.4075660353463649 0.8292140930098222 0.41828096465363523 0.8219749069901774 0.42732996465363526 0.8457859069901775
7 0.4586509026253701 0.9366290395047141 0.4489219660617054 0.9167964326255464 0.4582834278973887 0.9086323627606527 0.4680123644610534 0.9284649696398204
7 0.47652395865606645 0.8640201304668683 0.46607160851371865 0.8396246246774368 0.4767556218909898 0.8314866558995506 0.48720797203333754 0.8558821616889821
6 0.5005222915384221 0.9149704372017156 0.49006994139607435 0.890574931412284 0.5007539547733455 0.8824369626343977 0.5112063049156932 0.9068324684238293
6 0.5259974449058454 0.9728125728668783 0.513866999001476 0.9445004364326546 0.5245510123787471 0.9363624676547684 0.5366814582831165 0.9646746040889921
8 0.4547714002816195 0.33302970654265956 0.4592768754546881 0.33302970654265956 0.4592768754546881 0.34128974435995213 0.4547714002816195 0.34128974435995213
7 0.4225713086585283 0.6636838111505198 0.42576190823985477 0.6770047088635978 0.41149968559781824 0.6830777118592564 0.4083090860164918 0.6697568141461784
7 0.45079376799207976 0.6349042636594231 0.45690698303957716 0.6474951672802832 0.4430642996405757 0.6594435887404755 0.43695108459307835 0.6468526851196154
7 0.4644973182663739 0.6232965504859034 0.47061053331387126 0.6358874541067635 0.45676784991486985 0.6478358755669558 0.45065463486737245 0.6352449719460956
7 0.4378963089103912 0.6486615533465581 0.44400952395788856 0.6612524569674182 0.4306212689811177 0.6728086349473693 0.42450805393362034 0.6602177313265092
