11 0.5151479636492059 0.7386963539885082 0.5165979636492057 0.7123783539885081 0.5254770363507939 0.7132480354345689 0.524027036350794 0.739566035434569
13 0.5032149418102797 0.44812392878879714 0.48854476686507936 0.39958043981481484 0.5019088250547996 0.39240051102601775 0.5165789999999999 0.44094400000000006
6 0.4076168719930508 0.350494764165476 0.39992587199305074 0.336324764165476 0.4121751280069492 0.3245052358345241 0.4198661280069492 0.33867523583452414
5 0.19911135554804332 0.5830530968978233 0.1955933555480433 0.5746740968978232 0.21338864445195668 0.5613914031021768 0.2169066444519567 0.5697704031021769
5 0.4994835486778846 0.49278345352564096 0.4955671383936298 0.472782747317337 0.500763 0.470974 0.5046794102842548 0.49097470620830397
11 0.5134097900802155 0.6621600742820588 0.5104397900802153 0.6381350742820588 0.5181007099197846 0.6364514257179411 0.5210707099197847 0.6604764257179412
5 0.4468310170548916 0.22169514797936551 0.4438840170548916 0.1961271479793655 0.4529089829451083 0.1942778520206346 0.4558559829451082 0.2198458520206346
5 0.03516275107684801 0.7008495963608833 0.035149751076848014 0.6908555963608832 0.051881748923152005 0.6908169036391165 0.051894748923152 0.7008109036391166
11 0.4829310005592314 0.43390355461074487 0.4783607386798429 0.40962994564605126 0.48568584529413394 0.4071780715911782 0.4902561071735224 0.43145168055587174
11 0.48000722236082793 0.6229549988991768 0.4917892032433945 0.604351239276977 0.49772143679928577 0.6110302679622949 0.4859394559167192 0.6296340275844947
11 0.538858514256511 0.7915052968279351 0.5366874439188293 0.7673288085193382 0.5443966692646959 0.7660980612275416 0.5465677396023775 0.7902745495361385
11 0.5637583183365751 0.8275659255871864 0.5618376182298148 0.8033518006859405 0.569558844862646 0.8022629845321199 0.5714795449694062 0.8264771094333658
11 0.4591414308988919 0.31785005410059786 0.4685489732071578 0.3171357984610127 0.46960730919471155 0.3419170673076923 0.46019976688644565 0.34263132294727744
6 0.5061621589522428 0.12854038539216592 0.5256663175029762 0.14804474621825628 0.5187612680288461 0.1603202624198718 0.4992571094781128 0.14081590159378143
11 0.4441950990629945 0.3097227060247728 0.45147452785385117 0.31751902217421923 0.4416056006658567 0.33390058297636954 0.434326171875 0.3261042668269231
11 0.38969280157533215 0.38986577196887706 0.39562515743184506 0.39947941221897454 0.3834557797640959 0.4128295322566241 0.377523423907583 0.40321589200652663
6 0.3261028121106912 0.41672146944904953 0.33238197244623663 0.4268971214157707 0.3147060620657088 0.44628804934959193 0.3084269017301634 0.4361123973828708
6 0.20235704643574226 0.5444530253497082 0.2086362067712875 0.5546286773164294 0.1909602963907596 0.5740196052502504 0.18468113605521436 0.5638439532835292
6 0.16826413639065493 0.583129647085132 0.17394328738289244 0.5939138774082585 0.1552102283771432 0.611451892322828 0.1495310773849057 0.6006676619997017
6 0.2593321887907989 0.4864711334275442 0.26561134912634415 0.49664678539426543 0.2479354387458163 0.5160377133280865 0.24165627841027104 0.5058620613613654
9 0.1657156981410292 0.6247735163954499 0.196447639825507 0.5916696706017316 0.2046041695070584 0.6051312012492923 0.1738722278225806 0.6382350470430107
7 0.10897389995428675 0.6413637202695626 0.13212680276386743 0.6154392011105888 0.14056333384586958 0.6288339976989326 0.11741043103628891 0.6547585168579062
7 0.07635447536909072 0.6655959059657373 0.09872560144752104 0.6505594231109313 0.10539748733108112 0.6682062922297297 0.08302636125265078 0.6832427750845356
6 0.22937087667222872 0.5175157364983568 0.23565003700777395 0.5276913884650779 0.21797412662724605 0.547082316398899 0.21169496629170081 0.5369066644321778
6 0.41251142006550184 0.046869358909302265 0.4214437319364162 0.045104768786127174 0.42453466230121284 0.07292025963661128 0.4156023504302985 0.07468484975978637
2 0.41439956036991427 -0.003022058256303603 0.4244077975572207 -0.005113102744778902 0.4268983697615607 0.01607884754335261 0.4168901325742543 0.01816989203182791
8 0.10472408756150306 0.627331770127059 0.1114834397694757 0.6227540077851514 0.11372560907979783 0.6286397022247467 0.10696625687182518 0.6332174645666543
8 0.12337451350856225 0.614852099743704 0.13105789816926744 0.6091075130814938 0.13302377229547113 0.6137819248926887 0.12534038763476596 0.6195265115548989
8 0.2224300092127629 0.5187673979476972 0.22659165462539765 0.5150425484647068 0.22852822180129867 0.518889054210939 0.2243665763886639 0.5226139036939295
8 0.20202907459654904 0.5298749102496859 0.20803385897943497 0.5256451250240058 0.20965691610091688 0.5297414120448892 0.20365213171803095 0.5339711972705694
8 0.2789497822748921 0.4845150558223121 0.281591320714208 0.47958418406892306 0.28588906176793233 0.48367727078675643 0.2832475233286164 0.4886081425401454
8 0.29196729929942683 0.44706246664326976 0.2946302886321419 0.4429714975234457 0.2978689725186693 0.4467194084361558 0.2952059831859542 0.4508103775559799
8 0.3057026965259424 0.43123872005908104 0.30836513606574856 0.42742722766525215 0.31109670561465935 0.430819372856709 0.30843426607485314 0.4346308652505379
8 0.4718963114074851 0.26567676527570216 0.475470148672589 0.26497198086511364 0.47638323977512825 0.27320331190204905 0.4728094025100243 0.2739080963126376
8 0.48305255712406525 0.21610125134147407 0.48666427048739297 0.21621474125603615 0.4865509257414712 0.22262735192859676 0.48293921237814347 0.2225138620140347
8 0.47649887439306715 0.2649391614317475 0.47984508657664543 0.26312338737864266 0.4821062391710779 0.2705313539737341 0.4787600269874996 0.27234712802683897
8 0.48540525962473924 0.22033154204740005 0.48900272745734863 0.22077364528336588 0.4884521838050138 0.2287378507995827 0.4848547159724044 0.22829574756361687
8 0.43211520497533246 0.174678589499902 0.435879946016786 0.1737109452161549 0.4372776544266429 0.18337842838433194 0.4335129133851894 0.18434607266807904
8 0.4677123449850461 0.0006039110617379823 0.4714708866587947 2.6645352591003758e-18 0.47247617763351707 0.011122838774345403 0.46871763595976845 0.011726749836083383
8 0.4639043365095985 0.12637064965091444 0.46747492991695355 0.12469327243709606 0.47026714930337066 0.1352599065856913 0.46669655589601566 0.13693728379950965
8 0.48047207207509124 0.11379183520332176 0.484117187817978 0.11242888721855449 0.4863859975731089 0.12321605901051198 0.4827408818302221 0.12457900699527925
8 0.469661203826189 0.10218686351631391 0.4733719090932771 0.10118690751282879 0.4750364700015176 0.11216818163656923 0.47132576473442944 0.11316813764005436
8 0.47686333246784973 0.09061421236561094 0.48057403773493784 0.08961425636212582 0.48223859864317836 0.10059553048586628 0.4785278933760902 0.1015954864893514
8 0.45916372762712654 0.08468219530419727 0.46292226930087516 0.08407828424245929 0.4639275602755975 0.0952011230168047 0.4601690186018489 0.09580503407854267
8 0.5530182519855673 0.28667846337605596 0.5565290946536018 0.28667846337605596 0.5565290946536018 0.2941036938463817 0.5530182519855673 0.2941036938463817
8 0.5697250205438007 0.2965249646519229 0.5737201173729434 0.2965249646519229 0.5737201173729434 0.30717855619630335 0.5697250205438007 0.30717855619630335
8 0.5966416541824112 0.27496235920577855 0.5991478964299931 0.27911062223626076 0.5950590596515353 0.283502335813121 0.5925528174039534 0.2793540727826388
8 0.5930812793881028 0.26894339388744243 0.5954315438792974 0.27383709529376826 0.5904358903603399 0.27810239011112126 0.5880856258691454 0.2732086887047954
8 0.5410902519674072 0.6686043893746184 0.5452568263128971 0.6669068961227526 0.5479188043669594 0.6785228003586634 0.5437522300214696 0.6802202936105293
8 0.5601410419588793 0.841597319430865 0.5644938201454837 0.8409698919445076 0.5651581551310386 0.8491633567663511 0.5608053769444341 0.8497907842527087
8 0.5568550007627728 0.8391994337976093 0.5612331413093137 0.8391994337976093 0.5612331413093137 0.850016016324357 0.5568550007627728 0.850016016324357
