8 0.301533 0.289091 0.300828 0.272907 0.330238 0.270631 0.330943 0.286815
7 0.403168 0.277529 0.402651 0.261202 0.430686 0.259624 0.431203 0.275950
7 0.511888 0.092109 0.511165 0.072460 0.542800 0.070391 0.543523 0.090040
7 0.596511 0.106081 0.605850 0.065796 0.619114 0.071263 0.609775 0.111548
7 0.096814 0.334508 0.095768 0.317726 0.125321 0.314450 0.126367 0.331232
7 0.066902 0.155479 0.066128 0.138475 0.095468 0.136101 0.096242 0.153105
8 0.558669 0.448898 0.561073 0.408792 0.573623 0.410130 0.571218 0.450236
8 0.000000 0.374963 0.000000 0.359382 0.023039 0.356982 0.023915 0.372563
7 0.168166 0.321160 0.167094 0.303749 0.197980 0.300368 0.199052 0.317779
8 0.407367 0.314142 0.406650 0.297938 0.436644 0.295580 0.437360 0.311784
7 0.935550 0.525382 0.935136 0.505859 0.971742 0.504479 0.972156 0.524002
8 0.439892 0.288047 0.440302 0.272345 0.470785 0.273758 0.470375 0.289461
1 0.123677 0.394651 0.122975 0.382546 0.140906 0.380696 0.141609 0.392802
1 0.027480 0.350932 0.027356 0.338639 0.046153 0.338304 0.046277 0.350597
7 0.437058 0.206138 0.436186 0.188957 0.465547 0.186310 0.466418 0.203491
1 0.488189 0.284048 0.488082 0.271787 0.506082 0.271508 0.506189 0.283768
1 0.005178 0.432019 0.004710 0.419317 0.025128 0.417981 0.025596 0.430683
8 0.514972 0.112910 0.514389 0.095892 0.544924 0.094035 0.545506 0.111052
7 0.318583 0.145338 0.317693 0.126430 0.349126 0.123802 0.350015 0.142710
5 0.781873 0.286771 0.781449 0.277951 0.797294 0.276598 0.797718 0.285417
5 0.429263 0.325544 0.428856 0.317310 0.442352 0.316123 0.442759 0.324357
7 0.940727 0.045943 0.940280 0.028397 0.970731 0.027017 0.971178 0.044563
5 0.357168 0.188908 0.357045 0.181895 0.369915 0.181492 0.370039 0.188505
0 0.206184 0.353767 0.205934 0.343497 0.222983 0.342761 0.223232 0.353031
5 0.111621 0.376881 0.111331 0.369257 0.126140 0.368258 0.126429 0.375882
5 0.936654 0.275732 0.936242 0.268265 0.952929 0.266629 0.953341 0.274096
5 0.443977 0.304748 0.443963 0.297733 0.457976 0.297683 0.457990 0.304698
1 0.163479 0.388455 0.163884 0.376759 0.181834 0.377865 0.181429 0.389560
5 0.138040 0.218199 0.138042 0.211309 0.150762 0.211315 0.150760 0.218205
6 0.928483 0.239484 0.927425 0.221778 0.963184 0.217981 0.964242 0.235687
5 0.557222 0.708777 0.556907 0.687938 0.563872 0.687750 0.564187 0.708590
5 0.477498 0.208884 0.477138 0.201674 0.490471 0.200491 0.490831 0.207701
5 0.380974 0.288848 0.381196 0.281552 0.395589 0.282332 0.395366 0.289629
12 0.362470 0.158803 0.361907 0.133315 0.427634 0.130736 0.428197 0.156225
5 0.447901 0.169184 0.447622 0.161826 0.459521 0.161024 0.459800 0.168383
7 0.139743 0.015747 0.149947 0.000000 0.160778 0.000616 0.150574 0.024110
5 0.769230 0.346783 0.768551 0.337593 0.784416 0.335509 0.785095 0.344698
1 0.396304 0.298132 0.395799 0.286215 0.413853 0.284854 0.414358 0.296771
5 0.544752 0.423598 0.537640 0.411058 0.541706 0.406957 0.548819 0.419498
5 0.509383 0.409483 0.509242 0.402774 0.521347 0.402323 0.521487 0.409031
8 0.977186 0.333782 0.976735 0.316605 0.999898 0.315524 1.000000 0.332701
5 0.028754 0.313288 0.028013 0.305385 0.042145 0.303031 0.042885 0.310934
1 0.670668 0.767310 0.670397 0.737755 0.682978 0.737551 0.683248 0.767106
1 0.636233 0.171354 0.635310 0.157934 0.653350 0.155729 0.654273 0.169149
1 0.477995 0.313596 0.478979 0.301504 0.497005 0.304112 0.496021 0.316205
7 0.550374 0.088519 0.549385 0.070849 0.579834 0.067818 0.580823 0.085488
5 0.615167 0.482425 0.615938 0.465747 0.621291 0.466186 0.620520 0.482865
5 0.495464 0.323680 0.496467 0.317424 0.508182 0.320765 0.507178 0.327020
5 0.448264 0.331597 0.447845 0.323435 0.461111 0.322223 0.461530 0.330385
5 0.501994 0.310690 0.502397 0.302776 0.518579 0.304240 0.518176 0.312154
6 0.672774 0.808543 0.671829 0.769762 0.683997 0.769235 0.684942 0.808016
5 0.594128 0.145520 0.594057 0.136525 0.610560 0.136294 0.610631 0.145289
5 0.520148 0.496546 0.518822 0.491011 0.530373 0.486093 0.531699 0.491628
11 0.439090 0.360004 0.439133 0.339074 0.501014 0.339301 0.500971 0.360232
5 0.685971 0.678247 0.679779 0.663309 0.684341 0.659947 0.690533 0.674886
1 0.940001 0.321001 0.939190 0.309071 0.961041 0.306430 0.961852 0.318360
5 0.496804 0.390973 0.496404 0.384691 0.508405 0.383333 0.508805 0.389614
5 0.061294 0.191197 0.061380 0.183005 0.076076 0.183282 0.075989 0.191474
5 0.182158 0.176637 0.181859 0.166728 0.195707 0.165984 0.196006 0.175894
5 0.828312 0.363925 0.827726 0.357620 0.840438 0.355520 0.841024 0.361824
5 0.128196 0.357180 0.127935 0.348463 0.142637 0.347681 0.142898 0.356398
0 0.677992 0.529009 0.675218 0.508441 0.686591 0.505713 0.689366 0.526281
5 0.637920 0.071831 0.643399 0.057921 0.648018 0.061155 0.642538 0.075065
5 0.140958 0.167275 0.141291 0.158736 0.158000 0.159895 0.157667 0.168434
1 0.492165 0.098066 0.491768 0.084817 0.509397 0.083878 0.509794 0.097127
5 0.784295 0.111828 0.784043 0.102703 0.800600 0.101888 0.800853 0.111012
0 0.685400 0.750893 0.683376 0.728202 0.691683 0.726884 0.693708 0.749576
5 0.528840 0.435502 0.525811 0.418986 0.531056 0.417276 0.534085 0.433792
5 0.684343 0.120626 0.683498 0.111166 0.700032 0.108541 0.700877 0.118001
12 0.547432 0.414816 0.539909 0.383848 0.550485 0.379281 0.558008 0.410249
7 0.482363 0.989289 0.481718 0.972254 0.508783 0.970433 0.509428 0.987468
6 0.666954 0.695356 0.663731 0.660989 0.676796 0.658810 0.680019 0.693178
5 0.629079 0.501827 0.629011 0.482936 0.635505 0.482895 0.635573 0.501786
7 0.938511 0.334565 0.938106 0.322305 0.960447 0.320990 0.960853 0.333251
12 0.340567 0.358176 0.340855 0.336239 0.401620 0.337657 0.401332 0.359594
0 0.587109 0.601411 0.586585 0.582239 0.593099 0.581923 0.593624 0.601094
7 0.467703 0.300084 0.467916 0.289926 0.484381 0.290541 0.484168 0.300699
0 0.732906 0.013538 0.732722 0.000000 0.754594 0.000000 0.754778 0.013022
5 0.520620 0.303796 0.521749 0.295197 0.537974 0.298982 0.536845 0.307581
1 0.573726 0.551974 0.573306 0.527458 0.582003 0.527193 0.582424 0.551709
