7 0.484757 0.159336 0.475581 0.143272 0.498837 0.119657 0.508013 0.135721
0 0.515537 0.032372 0.507490 0.012196 0.515192 0.006734 0.523239 0.026910
12 0.451137 0.152177 0.441925 0.135135 0.482197 0.096434 0.491409 0.113476
0 0.653610 0.778169 0.647481 0.752120 0.656807 0.748220 0.662935 0.774269
5 0.779648 0.848725 0.779711 0.839969 0.794831 0.840164 0.794768 0.848920
5 0.439673 0.205802 0.445344 0.186157 0.452384 0.189770 0.446713 0.209416
5 0.897684 0.886733 0.902590 0.878557 0.916900 0.893823 0.911994 0.901999
12 0.188621 0.673757 0.175075 0.642638 0.228567 0.601243 0.242113 0.632362
2 0.402785 0.677023 0.366958 0.592644 0.382892 0.580616 0.418719 0.664995
0 0.490828 0.337528 0.473773 0.299342 0.483912 0.291292 0.500967 0.329478
12 0.920661 0.796282 0.880605 0.715980 0.899131 0.699551 0.939187 0.779853
2 0.322888 0.078524 0.307006 0.035541 0.319299 0.027465 0.335182 0.070449
0 0.595415 0.581676 0.585219 0.559515 0.593126 0.553047 0.603323 0.575207
8 0.000120 0.867217 0.000000 0.852318 0.008661 0.848061 0.011733 0.862959
3 0.222760 0.740746 0.193111 0.669464 0.211615 0.655781 0.241264 0.727064
