13 0.760365 0.346569 0.762497 0.327443 0.799010 0.334681 0.796878 0.353807
2 0.426274 0.932428 0.425527 0.884608 0.438830 0.884239 0.439577 0.932058
8 0.358553 0.491911 0.359311 0.474906 0.392488 0.477533 0.391731 0.494539
7 0.798714 0.575422 0.800856 0.558880 0.826807 0.564856 0.824664 0.581397
5 0.458691 0.792907 0.458826 0.772302 0.464746 0.772371 0.464611 0.792976
5 0.552608 0.132219 0.552373 0.111996 0.558069 0.111878 0.558304 0.132101
5 0.625996 0.622028 0.628997 0.614935 0.641713 0.624500 0.638711 0.631593
5 0.542844 0.670469 0.541483 0.663261 0.555072 0.658698 0.556434 0.665906
7 0.453191 0.697901 0.455461 0.654974 0.469204 0.656266 0.466935 0.699193
0 0.658776 0.603201 0.656983 0.579428 0.667266 0.578049 0.669059 0.601822
6 0.479036 0.679214 0.501768 0.637930 0.512631 0.648564 0.489899 0.689848
0 0.459846 0.635775 0.461366 0.614583 0.469451 0.615614 0.467930 0.636806
13 0.519915 0.195950 0.520345 0.154700 0.532168 0.154918 0.531739 0.196169
13 0.465742 0.137557 0.465509 0.087905 0.479311 0.087790 0.479543 0.137442
5 0.560054 0.392803 0.560727 0.368297 0.568071 0.368655 0.567398 0.393162
0 0.569615 0.048245 0.574275 0.019193 0.584812 0.022198 0.580152 0.051250
0 0.413863 0.970004 0.406360 0.951693 0.415173 0.945273 0.422676 0.963585
5 0.415413 0.837881 0.416120 0.830399 0.431332 0.832952 0.430625 0.840435
0 0.612786 0.279868 0.616013 0.264712 0.637214 0.272736 0.633987 0.287893
7 0.808690 0.548456 0.811423 0.530728 0.839227 0.538349 0.836494 0.556078
5 0.626792 0.573302 0.618662 0.554791 0.625291 0.549615 0.633422 0.568126
6 0.464842 0.278139 0.464277 0.230142 0.478387 0.229847 0.478952 0.277844
0 0.389756 0.029377 0.386527 0.002199 0.396703 0.000050 0.399932 0.027228
0 0.532493 0.592265 0.528989 0.583511 0.542767 0.573707 0.546271 0.582461
5 0.421520 0.878178 0.421110 0.870406 0.435641 0.869044 0.436051 0.876816
5 0.450873 0.605924 0.450212 0.584077 0.457981 0.583660 0.458642 0.605506
6 0.521218 0.074755 0.520596 0.019944 0.533209 0.019689 0.533831 0.074501
