5 0.774248 0.498343 0.775350 0.482286 0.780439 0.482907 0.779338 0.498964
5 0.136831 0.411179 0.141002 0.403720 0.155356 0.417987 0.151185 0.425447
5 0.328137 0.624344 0.331860 0.617006 0.345301 0.629128 0.341578 0.636467
5 0.382076 0.678434 0.385521 0.672088 0.398653 0.684760 0.395208 0.691107
5 0.167872 0.456988 0.171176 0.449654 0.183691 0.459679 0.180386 0.467013
11 0.000000 0.783709 0.000211 0.762828 0.102015 0.889902 0.087354 0.910783
5 0.491059 0.798065 0.478357 0.783278 0.483420 0.775546 0.496122 0.790333
5 0.281148 0.566344 0.271162 0.553830 0.275102 0.548240 0.285088 0.560754
8 0.625414 0.968248 0.633225 0.953738 0.661045 0.980363 0.653234 0.994873
0 0.910257 0.047859 0.920123 0.015327 0.931410 0.021412 0.921543 0.053944
0 0.685141 0.742027 0.702015 0.696696 0.714859 0.705195 0.697985 0.750527
0 0.570263 0.889333 0.579079 0.875033 0.605257 0.903723 0.596442 0.918023
12 0.277362 0.482534 0.259970 0.460374 0.304409 0.398369 0.321801 0.420528
