6 0.471643 0.552399 0.470905 0.503538 0.485128 0.503156 0.485865 0.552018
2 0.444314 0.590733 0.445060 0.542913 0.458811 0.543295 0.458065 0.591114
8 0.430550 0.354793 0.429749 0.308841 0.443929 0.308402 0.444730 0.354353
7 0.390463 0.811616 0.390365 0.790761 0.425553 0.790467 0.425651 0.811322
7 0.380896 0.444307 0.381086 0.425537 0.416825 0.426179 0.416635 0.444949
8 0.392180 0.783167 0.392885 0.764006 0.425528 0.766139 0.424824 0.785300
8 0.399264 0.856295 0.399571 0.837246 0.431075 0.838149 0.430767 0.857199
8 0.473349 0.699406 0.473380 0.651966 0.487849 0.651983 0.487818 0.699422
13 0.399134 0.698592 0.407959 0.680539 0.438366 0.706964 0.429541 0.725017
12 0.358958 0.391740 0.363092 0.333144 0.380626 0.335344 0.376491 0.393939
13 0.392498 0.883702 0.392398 0.861025 0.428335 0.860742 0.428435 0.883420
13 0.433249 0.537177 0.422480 0.491280 0.435761 0.485740 0.446531 0.531636
7 0.400378 0.952595 0.391991 0.934683 0.421758 0.909905 0.430144 0.927817
8 0.178803 0.663669 0.178749 0.645538 0.212864 0.645359 0.212917 0.663490
8 0.391676 0.758533 0.392421 0.739788 0.426032 0.742161 0.425288 0.760907
7 0.381936 0.394266 0.381866 0.375755 0.415980 0.375526 0.416050 0.394037
7 0.416396 0.627211 0.435148 0.586946 0.447406 0.597094 0.428654 0.637360
8 0.470859 0.314996 0.470200 0.268346 0.484350 0.267991 0.485008 0.314640
0 0.408742 0.492681 0.399126 0.463849 0.410138 0.457319 0.419755 0.486151
8 0.133155 0.664789 0.132868 0.646586 0.167105 0.645627 0.167392 0.663831
8 0.030676 0.670310 0.030399 0.652139 0.064311 0.651218 0.064588 0.669389
13 0.615885 0.754918 0.605656 0.701555 0.620573 0.696471 0.630803 0.749834
2 0.435752 0.893643 0.434489 0.847320 0.448623 0.846635 0.449886 0.892958
0 0.467156 0.859664 0.467170 0.836161 0.475552 0.836170 0.475538 0.859672
5 0.554739 0.203286 0.554811 0.183484 0.560365 0.183520 0.560293 0.203322
7 0.420643 0.068122 0.418942 0.023562 0.433263 0.022590 0.434964 0.067150
0 0.647080 1.000000 0.644392 0.983658 0.663857 0.979130 0.666545 0.999675
5 0.423885 0.653551 0.433662 0.641502 0.437573 0.647143 0.427796 0.659193
5 0.350806 0.928883 0.350620 0.921813 0.365470 0.921117 0.365657 0.928187
5 0.351148 0.906653 0.350083 0.899833 0.363435 0.896125 0.364501 0.902945
8 0.409505 0.367984 0.411650 0.323196 0.425521 0.324378 0.423376 0.369165
5 0.411309 0.301749 0.411683 0.295399 0.425670 0.296862 0.425296 0.303212
0 0.392938 0.221851 0.398856 0.191076 0.414874 0.196552 0.408957 0.227327
2 0.348420 0.887643 0.348293 0.837426 0.363559 0.837357 0.363687 0.887574
5 0.457419 0.299575 0.455903 0.276639 0.463284 0.275772 0.464800 0.298708
0 0.652104 0.491937 0.649219 0.458084 0.667687 0.455285 0.670573 0.489138
6 0.455386 0.105089 0.454129 0.059808 0.467531 0.059147 0.468788 0.104428
5 0.486381 0.976645 0.486479 0.955248 0.492786 0.955299 0.492687 0.976697
12 0.231208 1.000000 0.228115 0.910132 0.241448 0.909320 0.244541 0.999590
5 0.418563 0.201412 0.419721 0.195115 0.433521 0.199630 0.432362 0.205926
7 0.400067 0.628554 0.412254 0.594806 0.424543 0.602696 0.412356 0.636444
7 0.090193 0.667907 0.089986 0.649462 0.125171 0.648760 0.125378 0.667204
0 0.660463 0.561334 0.661193 0.537396 0.671828 0.537971 0.671099 0.561910
2 0.600937 0.534684 0.588676 0.492610 0.601146 0.486149 0.613408 0.528223
13 0.430313 0.292735 0.430862 0.242566 0.445729 0.242856 0.445179 0.293024
6 0.221024 0.662867 0.221000 0.642772 0.259965 0.642688 0.259989 0.662784
