12 0.399626 0.229693 0.407916 0.205540 0.450895 0.231765 0.442605 0.255919
8 0.049839 0.120522 0.056422 0.102108 0.088833 0.122707 0.082250 0.141122
7 0.756192 0.433154 0.762431 0.412454 0.798495 0.431776 0.792257 0.452477
8 0.108277 0.136158 0.114722 0.117405 0.148103 0.137801 0.141658 0.156553
7 0.593898 0.345830 0.599743 0.325089 0.636310 0.343406 0.630466 0.364147
8 0.029032 0.047025 0.035789 0.028325 0.072270 0.051760 0.065513 0.070460
7 0.152389 0.160412 0.158342 0.140880 0.193445 0.159900 0.187492 0.179432
7 0.076454 0.079573 0.083530 0.060658 0.124457 0.087875 0.117382 0.106790
7 0.015928 0.070761 0.022402 0.052422 0.055036 0.072903 0.048561 0.091242
0 0.591003 0.999886 0.607699 0.959326 0.623580 0.970947 0.606884 1.000000
12 0.672948 0.509870 0.677998 0.491513 0.713510 0.508880 0.708460 0.527237
12 0.594492 0.474940 0.602080 0.449490 0.647696 0.473671 0.640107 0.499121
12 0.292545 0.200811 0.299191 0.183491 0.329330 0.204050 0.322684 0.221370
5 0.411820 0.264447 0.415556 0.254491 0.434013 0.266803 0.430277 0.276759
2 0.761066 0.302361 0.787370 0.254882 0.864976 0.331320 0.838672 0.378798
5 0.691094 0.454757 0.692515 0.447424 0.707344 0.452535 0.705922 0.459867
5 0.382764 0.252047 0.387626 0.243252 0.402653 0.258022 0.397790 0.266817
5 0.165987 0.118055 0.170433 0.108753 0.187919 0.123612 0.183474 0.132913
5 0.598545 0.492685 0.601189 0.483068 0.618121 0.491343 0.615478 0.500960
1 0.352076 0.209636 0.357044 0.196074 0.378133 0.209808 0.373165 0.223370
5 0.484377 0.425781 0.486797 0.418233 0.501561 0.426650 0.499140 0.434197
5 0.412020 0.295769 0.414835 0.288038 0.429126 0.297287 0.426311 0.305018
5 0.313816 0.247763 0.306661 0.228913 0.312746 0.224807 0.319901 0.243657
8 0.318422 0.255975 0.324461 0.238539 0.357620 0.258955 0.351581 0.276392
5 0.570315 0.318915 0.572243 0.311526 0.586716 0.318238 0.584789 0.325627
12 0.870900 0.158582 0.904965 0.103214 0.929100 0.129612 0.895035 0.184981
5 0.200964 0.153229 0.204979 0.142658 0.225598 0.156580 0.221583 0.167151
5 0.279235 0.254200 0.266809 0.238055 0.271807 0.231217 0.284233 0.247361
5 0.656347 0.353989 0.658334 0.346883 0.673341 0.354344 0.671353 0.361451
5 0.468022 0.384371 0.459091 0.370127 0.463749 0.364935 0.472680 0.379179
5 0.659943 0.528780 0.662035 0.521222 0.677557 0.528859 0.675465 0.536417
6 0.219525 0.195396 0.225484 0.176113 0.264069 0.197313 0.258109 0.216595
6 0.525800 0.399575 0.531613 0.380342 0.568992 0.400425 0.563179 0.419658
2 0.823586 0.267556 0.836237 0.245159 0.892039 0.301194 0.879388 0.323591
5 0.413578 0.317995 0.417569 0.307154 0.435380 0.318810 0.431389 0.329652
5 0.469870 0.376353 0.473238 0.370376 0.484818 0.381981 0.481449 0.387957
5 0.456410 0.286450 0.459933 0.275089 0.480569 0.286467 0.477046 0.297827
5 0.367492 0.311383 0.372740 0.301025 0.389800 0.316395 0.384551 0.326752
6 0.476523 0.371073 0.482468 0.352547 0.514102 0.370594 0.508157 0.389119
5 0.651573 0.472639 0.653948 0.465095 0.667177 0.472500 0.664802 0.480044
5 0.365252 0.273012 0.356938 0.260829 0.360790 0.256155 0.369104 0.268338
5 0.188269 0.183591 0.191086 0.175849 0.205481 0.185159 0.202664 0.192901
5 0.459714 0.359572 0.446458 0.346138 0.450703 0.338692 0.463959 0.352125
5 0.543128 0.435010 0.545075 0.426915 0.561039 0.433740 0.559092 0.441835
13 0.372303 0.289780 0.379732 0.271009 0.415718 0.296331 0.408289 0.315102
5 0.189291 0.094175 0.193332 0.075266 0.199511 0.077613 0.195470 0.096522
5 0.248530 0.160060 0.251887 0.149300 0.269439 0.159037 0.266081 0.169797
5 0.243040 0.225612 0.246461 0.216659 0.262950 0.227860 0.259529 0.236813
1 0.274039 0.203276 0.279401 0.189395 0.300440 0.203842 0.295078 0.217723
5 0.636607 0.511867 0.639458 0.502064 0.658184 0.511744 0.655334 0.521548
5 0.888520 0.598598 0.891625 0.585762 0.916688 0.596541 0.913583 0.609377
12 0.240117 0.246874 0.246498 0.230154 0.274727 0.249306 0.268346 0.266027
5 0.650020 0.457128 0.652515 0.449880 0.667167 0.458844 0.664673 0.466093
12 0.672487 0.385688 0.678512 0.366619 0.713971 0.386534 0.707946 0.405604
5 0.797432 0.490835 0.800014 0.481754 0.817151 0.490415 0.814569 0.499496
12 0.924184 0.064308 0.973622 0.000000 0.999774 0.001534 0.950336 0.090224
5 0.710398 0.433830 0.712808 0.426389 0.727623 0.434920 0.725213 0.442361
5 0.241034 0.177540 0.245491 0.167427 0.264435 0.182269 0.259978 0.192382
0 0.833758 0.581017 0.837883 0.567300 0.860513 0.579399 0.856388 0.593116
6 0.264446 0.219909 0.270885 0.201656 0.308471 0.225230 0.302031 0.243483
5 0.450565 0.333891 0.437118 0.318932 0.442143 0.310900 0.455591 0.325859
1 0.195134 0.179035 0.200215 0.164679 0.221793 0.178256 0.216712 0.192613
5 0.478907 0.395506 0.482000 0.389186 0.494009 0.399633 0.490916 0.405953
5 0.543542 0.447049 0.544748 0.440466 0.557500 0.444618 0.556294 0.451201
0 0.882959 0.618792 0.886722 0.604041 0.915999 0.617319 0.912236 0.632071
7 0.402514 0.335551 0.409886 0.317602 0.441236 0.340490 0.433864 0.358440
5 0.629794 0.461629 0.632750 0.451520 0.653540 0.462329 0.650583 0.472439
5 0.717605 0.421783 0.720751 0.413454 0.732395 0.421273 0.729249 0.429602
2 0.836268 0.224711 0.848454 0.200358 0.938732 0.280671 0.926546 0.305024
0 0.656692 1.000000 0.652829 0.989958 0.662579 0.985454 0.666442 1.000000
7 0.980642 0.704465 0.987174 0.682869 1.000000 0.693452 1.000000 0.715048
5 0.197565 0.133105 0.202277 0.122728 0.223008 0.139464 0.218296 0.149841
5 0.526094 0.419550 0.528690 0.411466 0.543697 0.420033 0.541101 0.428118
5 0.435220 0.367590 0.438468 0.358463 0.454363 0.368521 0.451115 0.377648
3 0.890232 0.999963 0.899362 0.966727 0.930601 0.981982 0.921471 1.000000
5 0.690109 0.489528 0.693023 0.477670 0.714058 0.486861 0.711144 0.498719
1 0.333092 0.232459 0.337408 0.219390 0.359096 0.232124 0.354780 0.245193
5 0.329469 0.306915 0.332577 0.300343 0.345010 0.310794 0.341902 0.317366
5 0.508898 0.420483 0.512715 0.411694 0.528602 0.423961 0.524785 0.432750
0 0.598840 0.440237 0.603261 0.427433 0.621993 0.438930 0.617573 0.451734
5 0.554830 0.470869 0.556475 0.462695 0.573295 0.468714 0.571650 0.476888
5 0.673027 0.359257 0.675219 0.352018 0.691036 0.360534 0.688843 0.367773
5 0.502872 0.406767 0.492122 0.395717 0.495565 0.389761 0.506316 0.400811
7 0.713899 0.511121 0.717495 0.496512 0.741310 0.506934 0.737714 0.521543
