0 0.663624 0.587880 0.660852 0.560524 0.671272 0.558648 0.674044 0.586003
11 0.185749 0.862372 0.213079 0.825341 0.345240 0.998739 0.317911 1.000000
5 0.616593 0.664121 0.617035 0.641863 0.624552 0.642129 0.624110 0.664387
6 0.648932 0.085232 0.648977 0.025944 0.664610 0.025965 0.664565 0.085254
5 0.687562 0.451539 0.686065 0.429232 0.693688 0.428322 0.695185 0.450629
0 0.554932 0.281364 0.553584 0.252471 0.563818 0.251622 0.565166 0.280515
5 0.592684 0.989164 0.591771 0.968280 0.598201 0.967780 0.599114 0.988665
0 0.593263 0.554892 0.592855 0.525232 0.603612 0.524969 0.604020 0.554629
11 0.927522 0.664182 0.901662 0.628695 0.997478 0.504568 1.000000 0.540055
3 0.397291 0.962924 0.275613 0.797405 0.305834 0.757909 0.427512 0.923428
3 0.907870 0.759975 0.939621 0.718964 1.000000 0.841414 0.996838 0.882425
5 0.799244 0.662806 0.789310 0.651103 0.793464 0.644833 0.803399 0.656536
2 0.651474 0.771432 0.651041 0.720480 0.667276 0.720235 0.667709 0.771187
0 0.680504 0.926511 0.676544 0.899770 0.686683 0.897100 0.690644 0.923841
0 0.648198 0.241774 0.645073 0.217036 0.654927 0.214823 0.658052 0.239561
