12 0.217848 1.000000 0.207012 0.969168 0.264183 0.934124 0.275020 0.965554
8 0.454810 0.564250 0.470468 0.529501 0.483471 0.539917 0.467813 0.574666
7 0.574892 0.493797 0.581942 0.460372 0.594900 0.465231 0.587849 0.498656
8 0.398142 0.872165 0.386531 0.851251 0.428551 0.809780 0.440161 0.830694
7 0.627723 0.543203 0.630782 0.524291 0.666548 0.534575 0.663489 0.553487
7 0.529063 0.422659 0.535800 0.391958 0.549062 0.397133 0.542325 0.427833
5 0.496874 0.556167 0.500242 0.537717 0.506251 0.539667 0.502883 0.558117
5 0.574461 0.349440 0.576495 0.334096 0.581528 0.335282 0.579494 0.350626
1 0.290454 0.992263 0.284407 0.971882 0.300692 0.963292 0.306739 0.983674
5 0.635452 0.484548 0.638407 0.465894 0.644235 0.467536 0.641281 0.486189
0 0.790262 0.490591 0.795564 0.458349 0.808696 0.462187 0.803395 0.494429
5 0.461141 0.787131 0.473202 0.768676 0.478963 0.775369 0.466902 0.793824
0 0.629630 0.243930 0.631919 0.220911 0.642245 0.222737 0.639956 0.245756
12 0.369188 0.856558 0.356579 0.835546 0.397349 0.792053 0.409958 0.813065
3 0.916179 0.578613 0.983965 0.430485 1.000000 0.449859 0.939993 0.597987
12 0.550186 0.577654 0.561971 0.531239 0.576116 0.537624 0.564331 0.584038
5 0.675856 0.210216 0.678679 0.192302 0.684561 0.193951 0.681737 0.211864
1 0.716443 0.853435 0.719113 0.830533 0.736161 0.834065 0.733491 0.856967
12 0.431300 0.795023 0.416414 0.772887 0.468570 0.710533 0.483456 0.732669
0 0.586580 0.725941 0.597490 0.699095 0.611858 0.709476 0.600947 0.736321
12 0.888642 0.766974 0.879926 0.745726 0.914483 0.720526 0.923199 0.741774
0 0.617776 0.477479 0.619268 0.456937 0.627016 0.457938 0.625524 0.478480
5 0.391870 0.702995 0.387090 0.694618 0.399797 0.681728 0.404577 0.690104
7 0.922667 0.893210 0.904230 0.870731 0.913791 0.856790 0.932228 0.879269
7 0.475160 0.983088 0.449996 0.944279 0.466507 0.925246 0.491671 0.964054
0 0.425006 0.934449 0.441645 0.905054 0.452077 0.915551 0.435439 0.944946
7 0.546002 0.744853 0.567680 0.699351 0.581082 0.710702 0.559404 0.756204
11 0.501124 0.965307 0.479358 0.934063 0.496793 0.912471 0.518559 0.943715
