8 0.457946 0.616899 0.452192 0.552336 0.472783 0.549073 0.478537 0.613636
6 0.520526 0.675217 0.514213 0.600909 0.535464 0.597700 0.541777 0.672007
6 0.523491 0.294301 0.520052 0.250552 0.541613 0.247539 0.545052 0.291288
6 0.616275 0.467896 0.608515 0.394490 0.630080 0.390437 0.637839 0.463844
6 0.501568 0.149190 0.494533 0.075566 0.513537 0.072338 0.520571 0.145962
0 0.809879 0.510195 0.810953 0.494320 0.842725 0.498138 0.841652 0.514014
7 0.662132 0.511426 0.660154 0.484297 0.712868 0.477463 0.714846 0.504592
0 0.462348 0.163563 0.454464 0.125582 0.467860 0.120638 0.475744 0.158620
12 0.369243 0.789565 0.357180 0.637636 0.387528 0.633352 0.399591 0.785281
7 0.705908 0.593238 0.713068 0.576374 0.740447 0.597040 0.733286 0.613904
1 0.683330 0.623719 0.678503 0.584728 0.694795 0.581143 0.699622 0.620133
0 0.594063 0.567170 0.583340 0.542647 0.592396 0.535608 0.603118 0.560130
12 0.070484 0.692970 0.066527 0.569385 0.173787 0.563280 0.177743 0.686865
0 0.687929 0.565778 0.685241 0.550681 0.713113 0.541861 0.715800 0.556958
0 0.861329 0.591682 0.856938 0.567310 0.872005 0.562485 0.876395 0.586857
5 0.908265 0.549838 0.892101 0.530380 0.897985 0.521690 0.914149 0.541148
6 0.579307 0.806275 0.570316 0.731536 0.584755 0.728447 0.593747 0.803186
0 0.920307 0.503118 0.915425 0.468923 0.933860 0.464244 0.938742 0.498438
0 0.787228 0.466216 0.784364 0.451221 0.809126 0.442812 0.811991 0.457806
7 0.600665 0.332748 0.593985 0.258803 0.617044 0.255100 0.623724 0.329044
6 0.646589 1.000000 0.646054 0.993219 0.665390 0.991109 0.665926 0.999836
7 0.616092 0.712532 0.609138 0.647433 0.628700 0.643718 0.635654 0.708817
6 0.639840 0.026345 0.636673 0.000208 0.655473 0.000000 0.658639 0.022296
0 0.662573 0.273965 0.660094 0.256601 0.680656 0.251382 0.683135 0.268746
6 0.643241 0.244258 0.642884 0.203527 0.656759 0.203311 0.657116 0.244042
