6 0.594132 0.985997 0.588440 0.924877 0.603785 0.922337 0.609476 0.983456
3 0.645139 0.205180 0.652342 0.093613 0.684028 0.097251 0.676825 0.208817
3 0.851628 0.271669 0.875126 0.148150 0.918164 0.162706 0.894666 0.286225
6 0.410521 0.606065 0.410654 0.573014 0.422943 0.573102 0.422809 0.606153
6 0.624220 0.906458 0.614621 0.850347 0.627864 0.846320 0.637462 0.902431
6 0.646691 0.766206 0.638232 0.727766 0.651226 0.722683 0.659685 0.761123
8 0.539016 0.832617 0.534868 0.789371 0.549786 0.786827 0.553934 0.830073
13 0.381475 0.610642 0.381816 0.576639 0.394046 0.576858 0.393705 0.610861
7 0.548448 0.325364 0.546138 0.304815 0.554677 0.303108 0.556987 0.323657
5 0.517480 0.363450 0.516619 0.349598 0.521583 0.349050 0.522443 0.362902
13 0.366890 0.609862 0.368592 0.578521 0.381027 0.579721 0.379325 0.611063
2 0.097989 0.868915 0.123094 0.789670 0.142375 0.800529 0.117271 0.879774
5 0.618651 0.712249 0.618503 0.689919 0.625619 0.689835 0.625768 0.712165
5 0.663272 0.727253 0.664456 0.720157 0.677873 0.724136 0.676690 0.731232
12 0.569167 0.767371 0.559229 0.681626 0.574583 0.678463 0.584521 0.764207
8 0.353011 0.613772 0.354597 0.578244 0.367692 0.579284 0.366106 0.614811
5 0.647514 0.687315 0.645713 0.679858 0.658215 0.674490 0.660016 0.681947
5 0.680551 0.836852 0.679070 0.829170 0.693408 0.824259 0.694888 0.831941
5 0.507928 0.306132 0.505555 0.290964 0.511342 0.289354 0.513716 0.304522
0 0.537918 0.961540 0.536048 0.936948 0.545416 0.935682 0.547285 0.960274
0 0.671688 0.445034 0.669994 0.423199 0.678833 0.421980 0.680527 0.443814
12 0.383391 0.562025 0.349414 0.319696 0.390307 0.309503 0.424284 0.551832
6 0.524601 0.629686 0.523255 0.599706 0.534774 0.598786 0.536120 0.628767
6 0.588305 0.917579 0.581568 0.862051 0.596590 0.858810 0.603328 0.914338
0 0.542000 0.188377 0.540195 0.169104 0.547583 0.167873 0.549389 0.187146
0 0.555623 0.255379 0.554124 0.235993 0.562086 0.234899 0.563584 0.254284
7 0.591643 1.000000 0.591609 0.989410 0.608357 0.989322 0.608391 1.000000
7 0.602525 0.782144 0.597680 0.732870 0.612058 0.730356 0.616904 0.779630
0 0.547938 0.222016 0.546619 0.204330 0.554146 0.203331 0.555465 0.221018
12 0.181149 0.259054 0.164298 0.174263 0.191768 0.164557 0.208619 0.249348
0 0.591518 0.723774 0.587974 0.693322 0.596764 0.691504 0.600307 0.721956
0 0.543606 0.644639 0.542631 0.626206 0.550144 0.625500 0.551119 0.643933
5 0.504590 0.356638 0.501163 0.340452 0.506348 0.338501 0.509775 0.354687
0 0.527333 0.245830 0.525495 0.226552 0.533604 0.225177 0.535443 0.244455
5 0.509499 0.378554 0.507103 0.364559 0.511855 0.363112 0.514252 0.377108
7 0.098414 0.647515 0.097949 0.618789 0.133618 0.617763 0.134082 0.646489
0 0.589963 0.432286 0.577978 0.408932 0.587380 0.400353 0.599366 0.423707
