6 0.454670 0.575854 0.454421 0.545170 0.467595 0.544980 0.467845 0.575664
12 0.152809 0.688739 0.153311 0.585269 0.187816 0.585567 0.187314 0.689037
12 0.058404 0.656879 0.059438 0.554978 0.095111 0.555621 0.094078 0.657522
5 0.479290 0.466881 0.479459 0.442403 0.486856 0.442494 0.486687 0.466972
0 0.472191 0.776653 0.472406 0.748225 0.481455 0.748347 0.481240 0.776775
5 0.492925 0.817649 0.493282 0.789116 0.501346 0.789295 0.500989 0.817829
4 0.445621 1.000000 0.445901 0.977282 0.461671 0.977626 0.461390 1.000000
2 0.150954 0.286916 0.150090 0.214833 0.167015 0.214473 0.167879 0.286556
12 0.149153 0.212356 0.148245 0.139058 0.165170 0.138686 0.166078 0.211983
0 0.268575 0.729035 0.281953 0.696346 0.292883 0.704298 0.279505 0.736987
