8 0.309374 0.424257 0.316736 0.411315 0.339585 0.434424 0.332223 0.447365
8 0.597510 0.770808 0.604186 0.756424 0.630095 0.777803 0.623418 0.792187
8 0.328745 0.519906 0.333609 0.505906 0.359276 0.521760 0.354412 0.535761
8 0.642293 0.652990 0.649418 0.639164 0.675415 0.662982 0.668290 0.676808
8 0.487086 0.392339 0.494031 0.379969 0.517602 0.403495 0.510657 0.415864
8 0.614250 0.602786 0.620946 0.589738 0.645125 0.611798 0.638429 0.624845
8 0.702084 0.853638 0.709090 0.840283 0.736458 0.865806 0.729452 0.879161
7 0.133441 0.041884 0.139852 0.029392 0.162392 0.049956 0.155981 0.062448
7 0.234230 0.392190 0.241734 0.380161 0.262906 0.403643 0.255401 0.415672
7 0.398956 0.526846 0.405912 0.514420 0.428648 0.537043 0.421692 0.549469
8 0.943139 0.836961 0.950790 0.822130 0.978736 0.847761 0.971085 0.862592
7 0.234497 0.367528 0.241776 0.355338 0.264722 0.379694 0.257443 0.391885
5 0.570267 0.747134 0.574558 0.739983 0.585983 0.752172 0.581692 0.759322
8 0.185270 0.293919 0.191704 0.281806 0.214470 0.303303 0.208036 0.315417
5 0.358643 0.512918 0.361482 0.507258 0.372346 0.516943 0.369508 0.522604
12 0.000000 0.155409 0.000000 0.141725 0.015076 0.155529 0.008228 0.169212
5 0.027276 0.486464 0.037784 0.476029 0.041279 0.482286 0.030771 0.492721
1 0.372902 0.582364 0.377557 0.571388 0.393765 0.583609 0.389110 0.594584
5 0.511900 0.718548 0.501860 0.705731 0.506329 0.699508 0.516369 0.712325
5 0.020113 0.458996 0.017441 0.452006 0.028520 0.444476 0.031192 0.451466
1 0.010583 0.138177 0.015249 0.127914 0.031214 0.140816 0.026548 0.151079
5 0.651261 0.598091 0.655176 0.591513 0.666969 0.603992 0.663053 0.610571
0 0.559723 0.724952 0.564909 0.715025 0.581683 0.730603 0.576497 0.740531
7 0.387602 0.638766 0.395774 0.627296 0.417085 0.654290 0.408913 0.665760
5 0.304382 0.250771 0.307459 0.245102 0.317493 0.254784 0.314416 0.260454
12 0.040604 0.146886 0.048137 0.133316 0.072287 0.157150 0.064753 0.170721
2 0.430501 0.695628 0.442933 0.672772 0.500749 0.728677 0.488317 0.751533
5 0.829002 0.934518 0.817983 0.922763 0.821519 0.916871 0.832538 0.928625
7 0.767918 0.928200 0.773870 0.918486 0.790936 0.937078 0.784984 0.946791
5 0.185997 0.484502 0.186583 0.477514 0.199159 0.479387 0.198574 0.486375
8 0.787981 0.932922 0.794139 0.922483 0.811499 0.940689 0.805340 0.951128
5 0.282353 0.518095 0.283916 0.511051 0.296293 0.515932 0.294730 0.522977
1 0.324763 0.465715 0.329584 0.455122 0.345029 0.467618 0.340208 0.478212
7 0.303482 0.505818 0.308148 0.495874 0.323602 0.508766 0.318935 0.518709
5 0.414638 0.636146 0.405594 0.629520 0.407758 0.624271 0.416801 0.630897
5 0.679874 0.839140 0.665612 0.822877 0.670647 0.815027 0.684909 0.831290
5 0.000050 0.484483 0.000000 0.478678 0.006932 0.473156 0.008957 0.478961
5 0.017311 0.241601 0.020376 0.233661 0.034414 0.243295 0.031349 0.251235
7 0.868647 0.999222 0.874758 0.987023 0.888645 0.999389 0.882534 1.000000
5 0.861780 0.792424 0.865774 0.784602 0.878845 0.796465 0.874851 0.804287
10 0.298217 0.968670 0.338497 0.899701 0.359596 0.921608 0.319316 0.990577
