11 0.075312 0.671223 0.066077 0.638641 0.139401 0.601694 0.148636 0.634275
8 0.470201 0.315820 0.493379 0.256456 0.511310 0.268902 0.488131 0.328266
7 0.684734 0.236770 0.689642 0.210266 0.737141 0.225903 0.732233 0.252408
2 0.515977 0.166942 0.536237 0.088475 0.557721 0.098336 0.537461 0.176803
7 0.409540 0.429650 0.439978 0.371808 0.456606 0.387363 0.426168 0.445206
0 0.450790 0.770779 0.465557 0.741393 0.475252 0.750054 0.460485 0.779441
6 0.583755 0.301198 0.600519 0.235540 0.615203 0.242205 0.598439 0.307863
12 0.681459 0.321805 0.698260 0.255523 0.716979 0.263959 0.700177 0.330241
12 0.796054 0.619114 0.811522 0.563807 0.830509 0.573247 0.815040 0.628554
12 0.699303 0.170472 0.706164 0.144106 0.735072 0.157480 0.728211 0.183846
12 0.573783 0.546882 0.598756 0.491645 0.614758 0.504507 0.589786 0.559744
12 0.513896 0.831399 0.476498 0.775841 0.491833 0.757490 0.529231 0.813048
5 0.660345 0.173663 0.663718 0.147000 0.671426 0.148733 0.668053 0.175396
7 0.653462 0.725816 0.651524 0.698202 0.704871 0.691545 0.706810 0.719159
12 0.271396 0.616033 0.260811 0.592309 0.309854 0.553411 0.320439 0.577136
0 0.817426 0.476590 0.828506 0.446806 0.840907 0.455007 0.829827 0.484791
12 0.543124 0.821020 0.504803 0.763303 0.520939 0.744258 0.559259 0.801975
9 0.429544 0.600199 0.483592 0.511115 0.500144 0.528967 0.446095 0.618052
12 0.459262 1.000000 0.456848 0.996144 0.507405 0.983082 0.509819 0.999689
