7 0.807078 0.492439 0.806628 0.474252 0.838755 0.472839 0.839206 0.491025
8 0.945634 0.425452 0.941506 0.409124 0.972074 0.395382 0.976203 0.411710
8 0.524909 0.532106 0.524369 0.515433 0.553997 0.513727 0.554537 0.530400
12 0.904192 0.049175 0.916580 0.006421 0.978099 0.038108 0.965712 0.080862
6 0.843476 0.501301 0.843438 0.482855 0.878920 0.482727 0.878957 0.501173
8 0.683736 0.493279 0.684081 0.476456 0.714181 0.477554 0.713835 0.494377
7 0.861139 0.474533 0.861159 0.457346 0.891986 0.457411 0.891966 0.474599
5 0.206721 0.653018 0.206824 0.645923 0.220884 0.646287 0.220780 0.653382
5 0.347947 0.517116 0.347951 0.510649 0.360386 0.510662 0.360382 0.517129
5 0.427632 0.512173 0.427794 0.505341 0.440597 0.505882 0.440435 0.512715
1 0.540033 0.499134 0.540061 0.488283 0.558404 0.488366 0.558376 0.499217
1 0.351371 0.497684 0.351267 0.485944 0.369983 0.485650 0.370087 0.497389
1 0.595407 0.529303 0.595828 0.518032 0.615010 0.519308 0.614588 0.530579
0 0.872429 0.657275 0.872594 0.645699 0.892155 0.646197 0.891989 0.657773
7 0.942014 0.494404 0.942134 0.477424 0.973611 0.477818 0.973491 0.494799
5 0.504134 0.514333 0.504234 0.508236 0.516178 0.508584 0.516078 0.514681
5 0.757035 0.656848 0.757238 0.648074 0.772652 0.648707 0.772450 0.657481
0 0.966834 0.332135 0.965579 0.318457 0.988375 0.314740 0.989629 0.328418
5 0.653928 0.658933 0.654101 0.649539 0.671072 0.650095 0.670899 0.659489
5 0.796519 0.522724 0.796531 0.514043 0.811294 0.514082 0.811281 0.522762
5 0.789587 0.485912 0.789144 0.479505 0.801558 0.477977 0.802002 0.484384
3 0.530437 0.413525 0.514990 0.376557 0.572688 0.333697 0.588135 0.370665
7 0.210577 0.534559 0.210470 0.519325 0.243329 0.518914 0.243437 0.534147
0 0.276786 0.520263 0.276911 0.509202 0.296651 0.509598 0.296527 0.520659
5 0.648723 0.473448 0.648567 0.467408 0.661173 0.466830 0.661329 0.472870
5 0.513367 0.489272 0.511128 0.483371 0.522050 0.476005 0.524289 0.481907
5 0.947182 0.656061 0.947236 0.647213 0.965318 0.647411 0.965264 0.656259
5 0.082793 0.649689 0.082767 0.642756 0.095071 0.642672 0.095098 0.649605
7 0.944673 0.512259 0.945053 0.494905 0.975118 0.496074 0.974739 0.513428
8 0.971853 0.679027 0.971799 0.666972 0.992730 0.666806 0.992784 0.678861
5 0.296687 0.499513 0.296843 0.493679 0.308522 0.494237 0.308365 0.500071
5 0.285793 0.448935 0.285386 0.442398 0.298062 0.440995 0.298469 0.447532
1 0.482934 0.537001 0.483352 0.524665 0.508733 0.526194 0.508315 0.538529
5 0.239440 0.646058 0.239508 0.637074 0.254570 0.637275 0.254503 0.646259
5 0.201713 0.695991 0.201491 0.689541 0.214693 0.688732 0.214915 0.695181
5 0.973922 0.341534 0.973145 0.334267 0.986495 0.331730 0.987272 0.338997
5 0.679372 0.473596 0.679521 0.467550 0.691461 0.468071 0.691313 0.474117
5 0.466224 0.670439 0.466323 0.663924 0.479609 0.664283 0.479511 0.670798
0 0.063853 0.441411 0.066830 0.420970 0.088751 0.426645 0.085774 0.447086
12 0.433392 0.449989 0.433537 0.426248 0.511399 0.427094 0.511254 0.450835
0 0.435088 0.488654 0.435078 0.479431 0.449417 0.479402 0.449428 0.488625
5 0.463760 0.663714 0.462403 0.657760 0.474261 0.652953 0.475618 0.658907
6 0.840610 0.082653 0.852240 0.033386 0.864078 0.038354 0.852448 0.087621
8 0.714807 0.714566 0.723528 0.679371 0.735714 0.684739 0.726993 0.719934
12 0.344909 0.430891 0.349368 0.412549 0.380612 0.426053 0.376153 0.444395
12 0.641355 0.865703 0.639675 0.769202 0.668020 0.768324 0.669700 0.864826
1 0.619369 0.491249 0.619655 0.479449 0.638964 0.480279 0.638679 0.492079
5 0.916975 0.663146 0.917144 0.652987 0.935109 0.653521 0.934939 0.663680
5 0.609688 0.681551 0.607549 0.666873 0.612187 0.665672 0.614326 0.680349
6 0.155604 0.234203 0.171675 0.188739 0.187104 0.198435 0.171034 0.243899
0 0.000000 0.292982 0.000000 0.261023 0.010130 0.266046 0.001510 0.298005
0 0.375627 0.681488 0.375807 0.663238 0.399373 0.663651 0.399193 0.681901
5 0.343322 0.646315 0.343332 0.636989 0.358436 0.637018 0.358426 0.646344
7 0.827549 0.472764 0.827595 0.455902 0.858910 0.456055 0.858863 0.472917
