7 0.478113 0.460143 0.497129 0.421858 0.509648 0.432912 0.490631 0.471197
6 0.436485 0.643835 0.452819 0.600327 0.465729 0.608943 0.449394 0.652451
8 0.780896 0.173483 0.797115 0.131113 0.810771 0.140406 0.794552 0.182776
6 0.363863 0.310996 0.371440 0.261673 0.386332 0.265740 0.378756 0.315063
7 0.448426 0.462861 0.463398 0.416735 0.477095 0.424639 0.462123 0.470765
7 0.709481 0.591747 0.711941 0.573595 0.746249 0.581864 0.743788 0.600016
7 0.756338 0.111674 0.773590 0.066304 0.787933 0.076000 0.770681 0.121370
7 0.425578 0.051842 0.432955 0.032000 0.468041 0.055189 0.460664 0.075032
7 0.417637 0.075058 0.425105 0.054129 0.459967 0.076245 0.452499 0.097173
7 0.116998 0.575189 0.122841 0.555400 0.159825 0.574811 0.153982 0.594600
7 0.138058 0.526266 0.144457 0.507355 0.178609 0.527900 0.172210 0.546811
7 0.123757 0.551424 0.130229 0.531323 0.167649 0.552743 0.161177 0.572844
12 0.064814 0.488148 0.076800 0.455669 0.127504 0.488935 0.115518 0.521414
7 0.113349 0.599711 0.118758 0.580212 0.153838 0.597511 0.148429 0.617010
7 0.323655 0.044627 0.330339 0.023798 0.366970 0.044696 0.360286 0.065525
7 0.148057 0.505499 0.154185 0.485464 0.189964 0.504918 0.183836 0.524952
7 0.395436 0.489564 0.400506 0.472822 0.434252 0.490991 0.429181 0.507733
7 0.325991 0.013245 0.334612 0.000000 0.370363 0.019763 0.361742 0.040138
1 0.605862 0.555395 0.596268 0.530983 0.605596 0.524466 0.615190 0.548878
5 0.642565 0.379837 0.654089 0.360006 0.660560 0.366691 0.649036 0.386522
1 0.701956 0.401970 0.701967 0.375104 0.713669 0.375113 0.713658 0.401979
5 0.400764 0.719787 0.412172 0.699025 0.418507 0.705213 0.407098 0.725975
8 0.408365 0.446361 0.413541 0.429091 0.445281 0.446000 0.440105 0.463270
5 0.350764 0.759068 0.361781 0.736677 0.369027 0.743015 0.358011 0.765407
5 0.673709 0.681786 0.676054 0.675452 0.688270 0.683491 0.685925 0.689826
5 0.377260 0.683258 0.386199 0.663354 0.393052 0.668826 0.384113 0.688729
5 0.667936 0.361248 0.676319 0.340180 0.683627 0.345349 0.675243 0.366417
5 0.549443 0.637971 0.551335 0.628993 0.567224 0.634945 0.565332 0.643924
5 0.623679 0.450071 0.628656 0.432941 0.634655 0.436040 0.629677 0.453170
5 0.695815 0.313223 0.699786 0.294897 0.705747 0.297194 0.701777 0.315520
7 0.409046 0.098929 0.415629 0.080514 0.448246 0.101245 0.441662 0.119659
5 0.495275 0.913837 0.491242 0.896896 0.496912 0.894496 0.500945 0.911437
7 0.210076 0.598890 0.217392 0.579590 0.251383 0.602499 0.244066 0.621799
7 0.708114 0.214669 0.719896 0.184582 0.730948 0.192276 0.719166 0.222363
12 0.786324 0.244591 0.802877 0.203089 0.814718 0.211486 0.798165 0.252987
5 0.720601 0.306007 0.727419 0.289857 0.732004 0.293298 0.725185 0.309448
13 0.089626 0.625951 0.096113 0.606427 0.141233 0.633076 0.134747 0.652601
5 0.000000 0.839201 0.000000 0.830017 0.016025 0.834410 0.014635 0.843594
7 0.349100 0.000914 0.355619 0.000000 0.378927 0.001098 0.372409 0.017442
5 0.384319 0.522536 0.386458 0.516479 0.399535 0.524686 0.397396 0.530743
0 0.416884 0.937546 0.432926 0.903212 0.444053 0.912454 0.428012 0.946788
5 0.006979 0.686371 0.009603 0.675505 0.032083 0.685157 0.029459 0.696022
8 0.439270 0.028692 0.445843 0.011067 0.477527 0.032072 0.470954 0.049697
8 0.065692 0.745488 0.069592 0.731203 0.091860 0.742012 0.087960 0.756297
0 0.769914 0.815578 0.776805 0.803933 0.792586 0.820533 0.785695 0.832178
5 0.007142 0.659895 0.008088 0.653011 0.023489 0.656772 0.022544 0.663656
13 0.198388 0.620419 0.206212 0.600699 0.242237 0.626109 0.234413 0.645829
5 0.431826 0.566916 0.438987 0.550792 0.443826 0.554612 0.436664 0.570736
0 0.530808 0.364205 0.533170 0.341944 0.541067 0.343433 0.538705 0.365695
6 0.833462 0.084751 0.846919 0.032999 0.861851 0.039902 0.848394 0.091654
7 0.191924 0.645240 0.199328 0.625817 0.232816 0.648510 0.225412 0.667933
5 0.686906 0.646142 0.677179 0.619292 0.684969 0.614275 0.694696 0.641125
5 0.760357 0.268640 0.761446 0.262282 0.775060 0.266430 0.773971 0.272787
5 0.392090 0.515500 0.379790 0.503813 0.383431 0.497000 0.395731 0.508687
5 0.663818 0.557321 0.664510 0.549989 0.678890 0.552401 0.678199 0.559733
12 0.420689 0.551717 0.441727 0.510853 0.453790 0.521894 0.432752 0.562759
13 0.218015 0.578024 0.225647 0.559275 0.258548 0.583087 0.250915 0.601836
7 0.565424 0.209458 0.559387 0.193660 0.590045 0.172834 0.596082 0.188632
5 0.837502 0.010188 0.847034 0.000000 0.853123 0.002399 0.843591 0.017172
13 0.332483 0.378345 0.351165 0.339510 0.364392 0.350822 0.345710 0.389657
5 0.395440 0.508319 0.384099 0.490812 0.389977 0.484042 0.401318 0.501549
5 0.748000 0.274725 0.746682 0.255861 0.752520 0.255136 0.753839 0.274000
