3 0.728824 0.497984 0.726388 0.443958 0.872738 0.432225 0.875175 0.486250
7 0.825641 0.220125 0.826804 0.204468 0.850921 0.207652 0.849758 0.223309
7 0.448773 0.402826 0.448364 0.358863 0.462295 0.358632 0.462704 0.402596
7 0.560810 0.703219 0.559826 0.659793 0.572523 0.659281 0.573508 0.702707
8 0.894310 0.258749 0.893980 0.239831 0.926523 0.238820 0.926854 0.257739
0 0.833682 0.199782 0.837658 0.159877 0.851735 0.162370 0.847759 0.202276
5 0.458385 0.295364 0.458338 0.277233 0.464271 0.277205 0.464318 0.295337
5 0.569549 0.360544 0.570169 0.335644 0.577847 0.335984 0.577227 0.360884
5 0.554936 0.119468 0.556109 0.098835 0.562252 0.099456 0.561078 0.120089
8 0.586096 0.490208 0.585836 0.446741 0.599320 0.446598 0.599581 0.490064
8 0.450535 0.358938 0.450199 0.318337 0.463267 0.318145 0.463604 0.358746
5 0.558360 0.088967 0.558429 0.069588 0.564557 0.069627 0.564488 0.089006
7 0.891759 0.303626 0.891236 0.286529 0.914491 0.285263 0.915014 0.302360
0 0.473981 0.937016 0.474525 0.909856 0.484352 0.910206 0.483808 0.937366
5 0.568154 0.100812 0.568580 0.081420 0.574554 0.081653 0.574129 0.101046
5 0.570294 0.572411 0.570197 0.548475 0.577623 0.548422 0.577719 0.572358
0 0.590677 0.302104 0.590679 0.276366 0.599948 0.276368 0.599946 0.302106
0 0.557117 0.343616 0.557337 0.317706 0.566321 0.317842 0.566100 0.343752
11 0.722791 0.439732 0.720785 0.406354 0.869397 0.390476 0.871403 0.423855
5 0.438323 0.415882 0.442051 0.398954 0.447615 0.401132 0.443886 0.418060
