12 0.696218 0.215679 0.713561 0.154356 0.730344 0.162793 0.713001 0.224117
8 0.643373 0.291426 0.658352 0.242855 0.672773 0.250762 0.657793 0.299333
7 0.570494 0.685219 0.583212 0.635882 0.599297 0.643253 0.586579 0.692590
0 0.064935 0.359406 0.076105 0.317117 0.096523 0.326705 0.085353 0.368994
8 0.681469 0.053382 0.692545 0.009260 0.707594 0.015976 0.696517 0.060098
0 0.094323 0.366267 0.115529 0.321804 0.130417 0.334428 0.109211 0.378890
7 0.629947 0.218454 0.646577 0.173640 0.661720 0.183629 0.645089 0.228444
0 0.037424 0.320824 0.057477 0.281953 0.075272 0.298274 0.055218 0.337144
12 0.479118 0.677667 0.493225 0.614025 0.512548 0.621639 0.498442 0.685281
0 0.709608 0.087834 0.719849 0.055462 0.729455 0.060864 0.719213 0.093236
0 0.147552 0.459222 0.155954 0.438882 0.195417 0.467861 0.187015 0.488201
5 0.512428 0.653201 0.517777 0.629557 0.526114 0.632910 0.520765 0.656554
6 0.478228 0.763868 0.492886 0.708631 0.508491 0.715993 0.493832 0.771230
8 0.652499 0.149690 0.667533 0.105691 0.682397 0.114719 0.667362 0.158719
0 0.563383 0.610496 0.570726 0.583460 0.580367 0.588115 0.573024 0.615151
1 0.716225 0.122110 0.724807 0.095187 0.735337 0.101154 0.726756 0.128077
5 0.569482 0.367730 0.575529 0.345815 0.582601 0.349284 0.576554 0.371199
2 0.381375 0.999318 0.392749 0.946143 0.408339 0.952071 0.396964 1.000000
10 0.000000 0.939828 0.000000 0.899097 0.053598 0.919894 0.044869 0.960625
5 0.597862 0.291709 0.601140 0.272707 0.607346 0.274610 0.604068 0.293613
5 0.539696 0.470937 0.546310 0.448008 0.554054 0.451980 0.547440 0.474908
5 0.520434 0.501607 0.523868 0.481394 0.529566 0.483115 0.526132 0.503328
5 0.578270 0.531635 0.584703 0.508268 0.592564 0.512115 0.586131 0.535482
0 0.559665 0.352108 0.568974 0.315941 0.578095 0.320114 0.568787 0.356282
5 0.469687 0.797643 0.471903 0.774874 0.478230 0.775968 0.476014 0.798737
0 0.000000 0.476661 0.019592 0.430806 0.049228 0.457367 0.026112 0.503222
5 0.507153 0.831629 0.511302 0.805383 0.520452 0.807954 0.516302 0.834201
0 0.003673 0.414801 0.026346 0.367159 0.058339 0.394227 0.035666 0.441869
0 0.075693 0.483345 0.097089 0.442600 0.125088 0.468738 0.103692 0.509484
2 0.677421 0.707382 0.734625 0.594860 0.759038 0.616923 0.701833 0.729446
0 0.729974 0.080822 0.739454 0.049299 0.751797 0.055897 0.742317 0.087420
5 0.555636 0.322041 0.561748 0.303886 0.568322 0.307820 0.562211 0.325975
5 0.535151 0.492099 0.540281 0.473758 0.546099 0.476651 0.540969 0.494992
5 0.530654 0.517658 0.534944 0.496094 0.541221 0.498314 0.536931 0.519878
5 0.619811 0.567952 0.624627 0.545502 0.631231 0.548020 0.626415 0.570471
0 0.454341 0.808684 0.462385 0.782309 0.471310 0.787149 0.463266 0.813524
5 0.616065 0.240055 0.624444 0.223274 0.629769 0.228000 0.621389 0.244782
5 0.626760 0.543455 0.633360 0.521756 0.639906 0.525295 0.633307 0.546994
5 0.488889 0.928874 0.490594 0.909105 0.496528 0.910015 0.494823 0.929784
7 0.626366 0.466719 0.638561 0.417422 0.654884 0.424600 0.642689 0.473898
5 0.502576 0.982588 0.506424 0.961133 0.513049 0.963246 0.509201 0.984700
5 0.680057 0.169556 0.684835 0.147905 0.690776 0.150235 0.685999 0.171887
0 0.672606 0.103769 0.687491 0.066714 0.697706 0.074009 0.682822 0.111064
5 0.526258 0.455572 0.531818 0.435870 0.537804 0.438873 0.532245 0.458575
5 0.609662 0.228064 0.618298 0.207999 0.624713 0.212909 0.616077 0.232973
5 0.587861 0.617487 0.595702 0.593730 0.603806 0.598485 0.595965 0.622242
5 0.526262 0.472838 0.534248 0.450387 0.541446 0.454940 0.533460 0.477390
0 0.027284 0.498776 0.049600 0.459188 0.078380 0.488030 0.056064 0.527617
12 0.777197 0.990330 0.791332 0.970819 0.813949 0.999948 0.799814 1.000000
0 0.579074 0.325866 0.589090 0.279938 0.600092 0.284204 0.590077 0.330131
5 0.614548 0.201129 0.623472 0.177915 0.630764 0.182899 0.621841 0.206113
0 0.114880 0.518501 0.130571 0.477137 0.145276 0.487054 0.129585 0.528418
5 0.434618 0.954316 0.438497 0.931079 0.445590 0.933184 0.441712 0.956421
0 0.139389 0.389978 0.155736 0.350946 0.172590 0.363494 0.156243 0.402526
7 0.534582 0.551660 0.546689 0.505027 0.562293 0.512228 0.550186 0.558862
0 0.664465 0.063079 0.678127 0.010870 0.690743 0.016739 0.677082 0.068948
5 0.586234 0.593578 0.591732 0.567168 0.600224 0.570311 0.594726 0.596721
5 0.539445 0.396357 0.542821 0.373909 0.550138 0.375865 0.546762 0.398313
2 0.635773 0.679139 0.680112 0.584754 0.701727 0.602805 0.657388 0.697191
0 0.065598 0.529544 0.085783 0.488907 0.101850 0.503095 0.081665 0.543732
1 0.554535 0.700871 0.560417 0.672508 0.570465 0.676213 0.564583 0.704575
0 0.534668 0.431310 0.555420 0.371469 0.569499 0.380148 0.548747 0.439990
5 0.500815 0.559631 0.505510 0.536056 0.513768 0.538980 0.509074 0.562555
0 0.712138 0.153734 0.720328 0.123622 0.731612 0.129078 0.723422 0.159191
5 0.652961 0.114083 0.660846 0.093184 0.667872 0.097896 0.659988 0.118795
1 0.615504 0.268004 0.625777 0.239627 0.636580 0.246579 0.626306 0.274957
1 0.065168 0.421338 0.073195 0.403465 0.104754 0.428662 0.096726 0.446535
10 0.060483 0.969605 0.069792 0.929625 0.155533 0.965118 0.146224 1.000000
5 0.560806 0.408594 0.568023 0.388035 0.575652 0.392795 0.568435 0.413354
5 0.650979 0.404312 0.657088 0.385066 0.663605 0.388744 0.657495 0.407989
7 0.599943 0.571076 0.613593 0.521905 0.629223 0.529619 0.615574 0.578789
11 0.680110 0.932096 0.750085 0.814312 0.779786 0.845681 0.709811 0.963466
