6 0.569102 0.048873 0.570153 0.000673 0.582981 0.001170 0.581930 0.049370
8 0.235437 0.344759 0.235317 0.327876 0.267949 0.327464 0.268069 0.344347
8 0.600443 0.129751 0.600843 0.079580 0.616223 0.079798 0.615823 0.129969
0 0.490932 0.381594 0.490677 0.357464 0.499693 0.357295 0.499948 0.381425
0 0.578109 0.241676 0.577720 0.216551 0.586475 0.216310 0.586863 0.241435
6 0.614845 0.416747 0.615120 0.365750 0.629947 0.365892 0.629672 0.416889
0 0.597541 0.758992 0.600054 0.733911 0.608709 0.735453 0.606196 0.760534
5 0.430736 0.259350 0.431749 0.251611 0.445826 0.254886 0.444814 0.262625
12 0.532916 0.890442 0.519609 0.842398 0.532709 0.835947 0.546016 0.883991
6 0.507440 0.732101 0.507193 0.690262 0.520685 0.690121 0.520932 0.731960
0 0.474586 0.960357 0.475083 0.931025 0.484529 0.931309 0.484032 0.960642
12 0.578589 1.000000 0.562938 0.982604 0.574536 0.970744 0.590187 0.997951
0 0.494252 0.697622 0.493310 0.673849 0.502363 0.673211 0.503305 0.696984
5 0.505202 0.761147 0.505056 0.741703 0.510423 0.741631 0.510569 0.761075
5 0.515720 0.880424 0.510475 0.864320 0.515790 0.861243 0.521035 0.877347
12 0.610622 0.206710 0.611345 0.153420 0.626878 0.153794 0.626155 0.207084
6 0.616358 0.473827 0.616024 0.424263 0.630517 0.424090 0.630851 0.473654
6 0.529215 0.722562 0.528981 0.696327 0.537712 0.696188 0.537946 0.722423
0 0.527692 0.614680 0.527793 0.590114 0.536892 0.590181 0.536790 0.614747
1 0.583543 0.135538 0.583939 0.110717 0.593540 0.110990 0.593144 0.135810
5 0.511233 0.408160 0.512431 0.385930 0.519757 0.386632 0.518559 0.408862
5 0.518160 0.189962 0.518487 0.171488 0.524288 0.171670 0.523961 0.190144
5 0.559668 0.897751 0.553913 0.881263 0.560384 0.877249 0.566139 0.893737
7 0.674513 0.017927 0.674931 0.000000 0.705175 0.000476 0.704757 0.019131
11 0.515958 1.000000 0.485206 1.000000 0.614771 0.828918 0.645523 0.869304
6 0.792581 0.486699 0.792575 0.468188 0.834502 0.468162 0.834508 0.486673
2 0.824326 0.344955 0.838502 0.325137 0.875674 0.372406 0.861498 0.392225
5 0.358264 0.190752 0.361950 0.171894 0.367777 0.173918 0.364092 0.192776
1 0.472049 0.399680 0.471446 0.377103 0.479774 0.376709 0.480377 0.399285
6 0.401551 0.031916 0.401169 0.006443 0.412251 0.006148 0.412633 0.031621
0 0.473743 0.182373 0.474645 0.148432 0.485893 0.148964 0.484990 0.182905
5 0.504615 0.958223 0.503134 0.942669 0.508406 0.941777 0.509887 0.957331
0 0.602400 0.831060 0.601756 0.806834 0.610100 0.806440 0.610744 0.830666
0 0.470880 0.369178 0.469021 0.343080 0.478078 0.341933 0.479938 0.368031
5 0.504976 0.470108 0.506123 0.446634 0.513253 0.447253 0.512106 0.470728
6 0.602750 0.080374 0.603404 0.025910 0.618083 0.026224 0.617429 0.080687
