1 0.591729 0.205591 0.592373 0.172877 0.604885 0.173315 0.604241 0.206029
10 0.145102 0.519042 0.119592 0.483587 0.158023 0.434430 0.183533 0.469885
5 0.605935 0.215675 0.607761 0.194110 0.615419 0.195263 0.613593 0.216827
3 0.180349 0.405312 0.211545 0.363981 0.346734 0.545382 0.315539 0.586713
5 0.664016 0.243560 0.663995 0.221381 0.670359 0.221371 0.670380 0.243549
0 0.663126 0.126094 0.662626 0.099084 0.673332 0.098732 0.673832 0.125742
5 0.574124 0.987235 0.574364 0.965406 0.581345 0.965543 0.581105 0.987372
3 0.250328 0.318531 0.283076 0.276024 0.406964 0.445705 0.374215 0.488212
3 0.172711 0.559723 0.201561 0.520973 0.280154 0.624999 0.251303 0.663749
5 0.688648 0.143686 0.690045 0.119408 0.697810 0.120203 0.696413 0.144481
6 0.644896 0.278238 0.644964 0.223811 0.660313 0.223845 0.660244 0.278272
0 0.674615 0.264748 0.679607 0.233682 0.689968 0.236641 0.684976 0.267707
1 0.591567 0.361734 0.591587 0.329920 0.603485 0.329933 0.603465 0.361747
0 0.685048 0.398732 0.684793 0.373735 0.698285 0.373490 0.698540 0.398488
2 0.010897 0.611726 0.000000 0.573063 0.065015 0.485496 0.089304 0.524159
