0 0.553107 0.293565 0.545771 0.264365 0.556528 0.259560 0.563864 0.288760
0 0.677182 0.995205 0.659774 0.964165 0.669172 0.954795 0.686580 0.985835
0 0.653126 0.791596 0.647587 0.761589 0.657291 0.758404 0.662830 0.788411
8 0.579547 0.267504 0.569713 0.219074 0.583994 0.213919 0.593828 0.262349
6 0.708149 0.737823 0.697479 0.683491 0.714767 0.677455 0.725438 0.731787
0 0.614971 0.454983 0.607506 0.428169 0.618362 0.422795 0.625828 0.449609
0 0.585995 0.571027 0.580377 0.546858 0.590047 0.542862 0.595665 0.567031
0 0.570015 0.288387 0.562164 0.262189 0.571391 0.257273 0.579242 0.283471
0 0.526744 0.392149 0.519312 0.363199 0.529506 0.358546 0.536938 0.387495
5 0.663385 0.854826 0.658363 0.831326 0.665782 0.828507 0.670804 0.852007
5 0.630441 0.780473 0.625310 0.761393 0.631538 0.758416 0.636669 0.777496
0 0.600587 0.393094 0.592711 0.367050 0.602538 0.361767 0.610414 0.387811
5 0.495276 0.310990 0.492685 0.291171 0.498994 0.289705 0.501586 0.309523
5 0.563399 0.337978 0.560452 0.318602 0.566809 0.316883 0.569756 0.336259
0 0.510313 0.323172 0.501456 0.293258 0.511562 0.287939 0.520419 0.317854
6 0.655097 0.921052 0.643865 0.876955 0.654799 0.872003 0.666031 0.916101
5 0.519406 0.344213 0.519032 0.324754 0.525386 0.324537 0.525760 0.343996
5 0.456091 0.195569 0.453001 0.177433 0.459013 0.175612 0.462103 0.193748
0 0.407524 0.049426 0.396383 0.012923 0.410185 0.005435 0.421325 0.041938
5 0.606581 0.661926 0.598996 0.636288 0.607482 0.631824 0.615067 0.657462
5 0.522391 0.111726 0.516610 0.087216 0.525266 0.083586 0.531047 0.108097
6 0.675797 0.591794 0.666047 0.544054 0.682536 0.538067 0.692287 0.585807
5 0.529260 0.039809 0.523721 0.020224 0.531678 0.016224 0.537217 0.035809
0 0.589209 0.402264 0.580593 0.374442 0.591259 0.368570 0.599876 0.396391
1 0.620267 0.504898 0.613622 0.483247 0.622441 0.478435 0.629087 0.500086
5 0.538533 0.373824 0.533001 0.351257 0.541154 0.347704 0.546686 0.370270
0 0.741665 0.882540 0.730558 0.836513 0.745835 0.829960 0.756942 0.875987
3 0.457953 0.734303 0.429595 0.599488 0.467958 0.585141 0.496316 0.719957
5 0.437035 0.072722 0.430787 0.051420 0.437965 0.047677 0.444213 0.068979
6 0.511065 0.269690 0.497145 0.219357 0.511591 0.212254 0.525511 0.262587
0 0.630752 0.432250 0.621471 0.408062 0.629665 0.402472 0.638946 0.426660
5 0.547180 0.247822 0.540850 0.223783 0.549174 0.219887 0.555504 0.243925
12 0.734183 0.374896 0.710262 0.275094 0.744463 0.260521 0.768384 0.360322
0 0.618657 0.699122 0.613258 0.673598 0.621968 0.670323 0.627367 0.695846
0 0.565666 0.501966 0.557996 0.472138 0.568188 0.467479 0.575858 0.497306
0 0.455354 0.120298 0.448992 0.098403 0.456625 0.094459 0.462988 0.116354
