8 0.494041 0.510441 0.488009 0.442906 0.509084 0.439559 0.515116 0.507094
8 0.469566 0.792204 0.464997 0.727036 0.485643 0.724463 0.490211 0.789631
7 0.641592 0.778734 0.635625 0.707126 0.657366 0.703905 0.663333 0.775513
6 0.513223 0.324040 0.506418 0.249241 0.525839 0.246099 0.532645 0.320898
7 0.913996 0.610483 0.899502 0.583111 0.944337 0.540906 0.958831 0.568278
6 0.456717 0.137341 0.448976 0.061565 0.469715 0.057798 0.477456 0.133574
6 0.536318 0.479344 0.532430 0.428784 0.553786 0.425865 0.557674 0.476424
8 0.626277 0.890862 0.619390 0.823999 0.639869 0.820249 0.646755 0.887113
7 0.856437 0.587694 0.852544 0.566243 0.886271 0.555361 0.890164 0.576812
7 0.716455 0.773714 0.724606 0.757147 0.751253 0.780453 0.743102 0.797020
12 0.088722 0.914122 0.086950 0.794180 0.191487 0.791434 0.193259 0.911376
0 0.525928 0.534850 0.517739 0.507384 0.527978 0.501956 0.536168 0.529422
2 0.545806 1.000000 0.544691 0.975158 0.566173 0.973539 0.567288 0.999842
12 0.382046 0.980635 0.372178 0.858338 0.401808 0.854087 0.411677 0.976385
5 0.736444 0.634141 0.737265 0.606407 0.745327 0.606831 0.744506 0.634566
0 0.452281 0.477570 0.447344 0.449958 0.457485 0.446735 0.462421 0.474347
1 0.874432 0.793995 0.868019 0.749496 0.885985 0.744894 0.892397 0.789393
11 0.378860 0.851561 0.375686 0.823471 0.403497 0.817884 0.406671 0.845974
