0 0.659469 0.100977 0.668074 0.074801 0.678031 0.080620 0.669426 0.106797
0 0.597561 0.866209 0.599143 0.835596 0.609730 0.836569 0.608148 0.867182
7 0.459226 0.431961 0.458820 0.410331 0.498326 0.409011 0.498732 0.430641
0 0.601701 0.714159 0.602563 0.683929 0.612883 0.684452 0.612020 0.714682
0 0.659451 0.964048 0.659887 0.937014 0.671278 0.937341 0.670842 0.964375
0 0.069585 0.565665 0.068964 0.551464 0.092785 0.549613 0.093405 0.563814
12 0.558036 0.431583 0.550781 0.413722 0.584672 0.389250 0.591927 0.407111
5 0.479381 0.516452 0.479441 0.507652 0.496140 0.507854 0.496080 0.516653
0 0.543924 0.759292 0.543245 0.720240 0.555034 0.719875 0.555713 0.758927
8 0.687177 0.209007 0.702753 0.161622 0.717511 0.170247 0.701934 0.217631
0 0.693341 0.051178 0.691212 0.019730 0.703013 0.018310 0.705142 0.049758
7 0.207540 0.565214 0.207065 0.545607 0.248710 0.543813 0.249185 0.563421
5 0.624156 0.988929 0.623691 0.966922 0.631574 0.966626 0.632038 0.988634
5 0.740376 0.595466 0.738144 0.574594 0.745041 0.573284 0.747272 0.594156
8 0.679042 0.131105 0.679799 0.078511 0.697521 0.078964 0.696763 0.131559
5 0.620087 0.859686 0.621266 0.838183 0.628871 0.838925 0.627692 0.860428
0 0.549442 0.281926 0.550894 0.267932 0.574256 0.272240 0.572804 0.286235
0 0.579471 0.364983 0.580873 0.341925 0.590842 0.343003 0.589440 0.366061
0 0.605281 0.495154 0.606079 0.466137 0.616594 0.466651 0.615796 0.495668
0 0.683234 0.696820 0.684242 0.668510 0.694371 0.669152 0.693362 0.697462
1 0.700146 0.822119 0.694784 0.789695 0.706625 0.786214 0.711987 0.818638
2 0.901523 0.748451 0.912279 0.662926 0.929727 0.666827 0.918971 0.752352
8 0.653297 0.908390 0.655239 0.853242 0.669099 0.854110 0.667157 0.909258
0 0.353186 0.516796 0.353066 0.505100 0.373377 0.504732 0.373496 0.516428
2 0.786709 0.799746 0.793929 0.741685 0.807561 0.744698 0.800342 0.802760
