2 0.371737 0.842080 0.386049 0.823044 0.422533 0.871809 0.408222 0.890845
0 0.546232 0.818078 0.537044 0.804157 0.554810 0.783311 0.563998 0.797232
2 0.057461 0.117032 0.081122 0.076963 0.192019 0.193385 0.168357 0.233454
0 0.556041 0.197294 0.546945 0.166853 0.558542 0.160692 0.567639 0.191134
0 0.415962 0.976214 0.432477 0.950415 0.440809 0.959897 0.424293 0.985696
2 0.253494 0.848506 0.272206 0.820627 0.337652 0.898716 0.318940 0.926596
12 0.636975 0.443547 0.633552 0.408032 0.644796 0.406105 0.648219 0.441621
5 0.613314 0.416162 0.611282 0.389826 0.619499 0.388699 0.621530 0.415036
0 0.609749 0.322381 0.598354 0.285689 0.611084 0.278661 0.622479 0.315353
0 0.636289 0.294327 0.647497 0.262337 0.657982 0.268867 0.646774 0.300857
0 0.771848 0.426801 0.777780 0.409133 0.803673 0.424588 0.797741 0.442256
0 0.664767 0.670259 0.652803 0.632025 0.664400 0.625574 0.676363 0.663808
0 0.722149 0.886798 0.710825 0.849926 0.722121 0.843758 0.733446 0.880630
0 0.946032 0.693198 0.951297 0.677012 0.964385 0.684579 0.959120 0.700766
0 0.619293 0.363883 0.614393 0.331462 0.625498 0.328478 0.630398 0.360899
12 0.598355 0.354844 0.586853 0.321888 0.597478 0.315295 0.608980 0.348251
0 0.650464 0.611294 0.641979 0.580795 0.652661 0.575511 0.661146 0.606011
0 0.654057 0.200482 0.674024 0.161901 0.683964 0.171046 0.663997 0.209627
2 0.410539 0.913472 0.396676 0.894852 0.479565 0.785139 0.493428 0.803759
