3 0.506315 0.226175 0.510870 0.192032 0.593685 0.211672 0.589130 0.245815
5 0.463577 0.780452 0.452445 0.755774 0.460381 0.749409 0.471513 0.774087
11 0.423873 0.670630 0.392008 0.611316 0.409461 0.594648 0.441325 0.653961
5 0.150826 0.070650 0.135419 0.046700 0.142924 0.038117 0.158331 0.062067
0 0.197617 0.291380 0.182445 0.260996 0.192748 0.251850 0.207920 0.282233
5 0.461163 0.830998 0.453886 0.814110 0.460191 0.809280 0.467468 0.826168
12 0.946782 0.636495 0.948047 0.540503 0.981343 0.541283 0.980078 0.637275
0 0.424829 0.761363 0.408961 0.733069 0.420092 0.721970 0.435961 0.750264
11 0.309460 0.619210 0.175643 0.310059 0.203301 0.288776 0.337118 0.597927
3 0.640732 0.125404 0.661557 0.000000 0.680622 0.001332 0.659797 0.130854
0 0.501160 0.962930 0.484851 0.936475 0.495715 0.924570 0.512024 0.951025
0 0.234859 0.238979 0.219683 0.211164 0.228423 0.202687 0.243598 0.230503
12 0.481890 0.551582 0.470851 0.526050 0.538422 0.474112 0.549461 0.499644
0 0.470167 0.850090 0.456840 0.826662 0.466812 0.816577 0.480140 0.840005
