7 0.703608 0.584339 0.703618 0.564243 0.737017 0.564272 0.737007 0.584368
7 0.209458 0.321716 0.209964 0.303499 0.240802 0.305020 0.240297 0.323237
7 0.081740 0.374593 0.081608 0.353608 0.119432 0.353185 0.119564 0.374169
7 0.309824 0.301428 0.311300 0.282585 0.343822 0.287114 0.342346 0.305957
13 0.739256 0.641126 0.742768 0.620492 0.784703 0.633180 0.781191 0.653814
6 0.790509 0.801260 0.784986 0.743962 0.801679 0.741101 0.807201 0.798399
7 0.817930 0.740879 0.817440 0.721673 0.849258 0.720232 0.849747 0.739438
6 0.807530 0.670718 0.807674 0.650992 0.847158 0.651504 0.847014 0.671230
8 0.559853 0.175083 0.560006 0.159220 0.589626 0.159726 0.589473 0.175589
7 0.743943 0.576266 0.744215 0.557531 0.780016 0.558456 0.779743 0.577191
7 0.814574 0.720094 0.814182 0.700027 0.853655 0.698656 0.854047 0.718723
7 0.253297 0.690633 0.254971 0.638945 0.271963 0.639923 0.270290 0.691611
7 0.084129 0.421336 0.088256 0.381261 0.104413 0.384219 0.100286 0.424295
13 0.749568 0.194493 0.750058 0.173203 0.784286 0.174604 0.783796 0.195894
13 0.057820 0.522096 0.059411 0.502593 0.099862 0.508459 0.098271 0.527962
7 0.706475 0.669956 0.706041 0.650856 0.739879 0.649489 0.740314 0.668588
13 0.000000 0.195854 0.000575 0.174490 0.026563 0.178799 0.024571 0.200162
7 0.106173 0.421714 0.106704 0.381377 0.122994 0.381759 0.122462 0.422095
5 0.435987 0.639774 0.436042 0.617140 0.443179 0.617170 0.443124 0.639805
8 0.386706 0.169032 0.379714 0.155690 0.402943 0.134050 0.409934 0.147392
7 0.277367 0.694279 0.277630 0.642370 0.295029 0.642527 0.294766 0.694435
5 0.901266 0.296626 0.900967 0.288482 0.917484 0.287402 0.917783 0.295546
0 0.422909 0.825814 0.423482 0.798829 0.432950 0.799186 0.432378 0.826171
5 0.158443 0.234836 0.157549 0.226929 0.172026 0.224018 0.172920 0.231926
7 0.893676 0.151955 0.903816 0.134800 0.927158 0.159330 0.917017 0.176484
11 0.908467 0.758310 0.907788 0.736225 0.960283 0.733357 0.960962 0.755441
5 0.365402 0.348538 0.366954 0.341309 0.379910 0.346254 0.378358 0.353483
2 0.704028 0.619442 0.704277 0.597092 0.745972 0.597919 0.745723 0.620269
7 0.866529 0.172232 0.844022 0.145693 0.853263 0.131761 0.875769 0.158300
7 0.771096 0.799998 0.766731 0.745534 0.784113 0.743058 0.788477 0.797522
13 0.313671 0.569534 0.315033 0.517222 0.331120 0.517966 0.329759 0.570278
5 0.545045 0.902689 0.545723 0.877488 0.553653 0.877867 0.552975 0.903068
1 0.250581 0.308809 0.253630 0.297219 0.268950 0.304385 0.265901 0.315975
12 0.237887 0.954875 0.241531 0.865423 0.268103 0.867348 0.264459 0.956799
13 0.804416 0.594942 0.804846 0.574268 0.848709 0.575892 0.848279 0.596565
7 0.805013 0.754337 0.816073 0.737712 0.848632 0.776219 0.837573 0.792844
13 0.292701 0.574084 0.294356 0.516705 0.311466 0.517582 0.309810 0.574962
7 0.137093 0.416535 0.139362 0.373651 0.155095 0.375131 0.152825 0.418015
5 0.675551 0.776945 0.675508 0.770429 0.688512 0.770278 0.688555 0.776793
6 0.709341 0.699098 0.708273 0.679009 0.748471 0.675208 0.749540 0.695296
8 0.753678 0.801121 0.748902 0.744272 0.764551 0.741934 0.769328 0.798784
6 0.804377 0.645716 0.804545 0.626554 0.846144 0.627201 0.845976 0.646362
13 0.256838 0.568621 0.257938 0.516906 0.273370 0.517490 0.272270 0.569205
12 0.231299 0.689410 0.234142 0.636726 0.251253 0.638367 0.248410 0.691052
7 0.806921 0.621718 0.806567 0.601151 0.850370 0.599809 0.850725 0.620377
5 0.369863 0.158261 0.376453 0.147646 0.380854 0.152503 0.374264 0.163118
6 0.341701 0.697719 0.344640 0.637169 0.358820 0.638392 0.355880 0.698943
2 0.274414 0.567776 0.275783 0.516854 0.292252 0.517641 0.290883 0.568563
