8 0.861367 0.585373 0.869070 0.571484 0.895924 0.597960 0.888221 0.611850
8 0.892361 0.879318 0.900612 0.865691 0.928472 0.895682 0.920222 0.909309
8 0.231112 0.281849 0.236729 0.268958 0.258993 0.286206 0.253375 0.299097
8 0.435395 0.191602 0.442429 0.179187 0.466949 0.203884 0.459914 0.216299
8 0.420590 0.439031 0.428077 0.426121 0.450764 0.449511 0.443277 0.462421
7 0.422410 0.397850 0.429656 0.385022 0.452590 0.408053 0.445344 0.420880
8 0.166316 0.151962 0.173084 0.139153 0.195663 0.160364 0.188895 0.173173
8 0.608088 0.568030 0.604672 0.527639 0.617433 0.525720 0.620849 0.566111
8 0.535003 0.552243 0.541698 0.540086 0.566559 0.564423 0.559865 0.576581
8 0.352542 0.320407 0.359849 0.307833 0.383265 0.332023 0.375958 0.344598
12 0.912007 0.981114 0.922966 0.963124 0.957785 1.000000 0.946826 1.000000
8 0.313023 0.070610 0.320131 0.057713 0.343227 0.080345 0.336119 0.093242
8 0.257606 0.373234 0.265692 0.361479 0.286144 0.386488 0.278058 0.398243
7 0.658785 0.383343 0.666500 0.370702 0.689653 0.395824 0.681937 0.408465
7 0.241727 0.112007 0.249549 0.098854 0.274418 0.125146 0.266596 0.138299
10 0.313232 0.847606 0.358205 0.780003 0.374789 0.799616 0.329816 0.867219
7 0.241863 0.353314 0.222910 0.324964 0.232096 0.314047 0.251048 0.342397
5 0.643589 0.448689 0.635603 0.431800 0.641307 0.427006 0.649293 0.443895
8 0.287612 0.179739 0.294933 0.165856 0.325929 0.194914 0.318609 0.208796
7 0.892050 0.925635 0.897968 0.914843 0.916283 0.932699 0.910365 0.943490
8 0.265839 0.063704 0.273129 0.050758 0.296661 0.074317 0.289371 0.087263
5 0.415117 0.196381 0.418381 0.190268 0.429154 0.200494 0.425890 0.206607
5 0.695358 0.763343 0.700129 0.756150 0.712455 0.770685 0.707684 0.777878
5 0.160520 0.159595 0.163492 0.153919 0.173595 0.163321 0.170623 0.168998
5 0.565510 0.649873 0.552994 0.634807 0.557667 0.627905 0.570183 0.642971
5 0.697156 0.640468 0.688565 0.622742 0.695031 0.617171 0.703622 0.634896
1 0.626621 0.680860 0.631773 0.671140 0.647338 0.685806 0.642185 0.695527
5 0.705956 0.591833 0.703838 0.582519 0.721127 0.575528 0.723245 0.584842
5 0.495461 0.566050 0.500097 0.558246 0.513914 0.572839 0.509278 0.580643
5 0.731200 0.709685 0.722329 0.697051 0.726612 0.691704 0.735483 0.704338
5 0.315580 0.330415 0.319688 0.323500 0.330775 0.335210 0.326666 0.342125
1 0.319501 0.318889 0.324426 0.308792 0.339353 0.321736 0.334428 0.331833
7 0.235886 0.310691 0.243485 0.297294 0.268280 0.322295 0.260682 0.335692
5 0.335672 0.360949 0.340472 0.353316 0.352869 0.367176 0.348070 0.374809
5 0.824214 0.905972 0.810408 0.892249 0.814849 0.884306 0.828655 0.898029
5 0.698695 0.661039 0.689019 0.646102 0.694014 0.640350 0.703690 0.655287
5 0.879135 0.853899 0.883067 0.847008 0.895865 0.859990 0.891933 0.866881
7 0.080857 0.059000 0.087098 0.045495 0.112373 0.066260 0.106131 0.079766
5 0.553832 0.180506 0.558981 0.165761 0.563876 0.168800 0.558727 0.183545
5 0.719882 0.598873 0.718155 0.589661 0.733764 0.584461 0.735490 0.593672
5 0.310864 0.147150 0.314053 0.140804 0.325594 0.151114 0.322405 0.157460
1 0.453974 0.248204 0.458442 0.237425 0.474411 0.249192 0.469943 0.259971
5 0.721786 0.681438 0.709176 0.666123 0.714151 0.658840 0.726762 0.674154
5 0.716049 0.658099 0.706967 0.645901 0.710513 0.641207 0.719595 0.653405
7 0.285329 0.045186 0.291833 0.033624 0.315192 0.056985 0.308687 0.068547
12 0.017133 0.984763 0.046766 0.938427 0.074013 0.969404 0.044380 1.000000
1 0.189987 0.191481 0.195343 0.182465 0.209492 0.197408 0.204136 0.206424
5 0.659340 0.747866 0.647015 0.733362 0.651598 0.726439 0.663923 0.740943
8 0.132258 0.090825 0.138698 0.079307 0.160711 0.101189 0.154271 0.112707
3 0.908706 0.172287 0.978244 0.038200 1.000000 0.074241 0.947797 0.208327
12 0.263523 0.788184 0.309047 0.722772 0.341165 0.762510 0.295640 0.827922
5 0.551214 0.328726 0.544901 0.313890 0.549827 0.310163 0.556141 0.324999
1 0.504128 0.553082 0.491803 0.536068 0.498476 0.527474 0.510801 0.544488
7 0.829795 0.554001 0.837784 0.538835 0.869164 0.568221 0.861175 0.583387
