7 0.560951 0.801246 0.560828 0.782453 0.592174 0.782087 0.592297 0.800880
0 0.419413 0.083372 0.417239 0.058366 0.426681 0.056906 0.428855 0.081912
12 0.376854 0.973209 0.375999 0.925871 0.390594 0.925402 0.391449 0.972741
7 0.108817 0.966293 0.108924 0.944527 0.142094 0.944818 0.141987 0.966584
0 0.429356 0.738278 0.427526 0.711457 0.436790 0.710334 0.438619 0.737154
5 0.538143 0.613883 0.537569 0.591978 0.544149 0.591672 0.544722 0.613577
5 0.523645 0.359445 0.523804 0.340479 0.528959 0.340555 0.528800 0.359521
5 0.429426 0.349720 0.428934 0.324859 0.436720 0.324585 0.437211 0.349446
5 0.434589 0.885270 0.436629 0.870258 0.442494 0.871675 0.440455 0.886686
13 0.552906 0.179511 0.552484 0.148917 0.564802 0.148614 0.565225 0.179208
8 0.275058 0.970965 0.276467 0.922694 0.291609 0.923480 0.290199 0.971751
8 0.552072 0.536236 0.551591 0.483462 0.567198 0.483209 0.567680 0.535983
7 0.555836 0.893466 0.558644 0.876692 0.579581 0.882923 0.576773 0.899697
0 0.149872 0.281494 0.150133 0.265460 0.171482 0.266076 0.171222 0.282109
2 0.624872 0.847310 0.624219 0.797447 0.637628 0.797135 0.638281 0.846997
8 0.030963 0.962022 0.030634 0.941758 0.065391 0.940755 0.065720 0.961020
7 0.357895 0.873502 0.355755 0.852887 0.385855 0.847331 0.387995 0.867946
0 0.806445 0.548590 0.806138 0.523160 0.816472 0.522938 0.816779 0.548368
0 0.432088 0.823157 0.432285 0.798940 0.440959 0.799065 0.440762 0.823282
12 0.251351 0.149030 0.247027 0.072075 0.272347 0.069546 0.276670 0.146501
