7 0.335374 0.434102 0.335075 0.413707 0.370876 0.412773 0.371175 0.433168
8 0.239114 0.542533 0.241295 0.495792 0.256459 0.497050 0.254278 0.543791
8 0.105614 0.692024 0.106314 0.671190 0.152459 0.673948 0.151759 0.694782
7 0.338416 0.457826 0.338215 0.437917 0.371871 0.437312 0.372072 0.457222
5 0.472620 0.225993 0.472575 0.206321 0.477901 0.206299 0.477946 0.225971
13 0.257093 0.545398 0.255162 0.498115 0.271032 0.496963 0.272963 0.544246
7 0.292117 0.539791 0.291110 0.498320 0.305279 0.497709 0.306286 0.539180
5 0.477126 0.371126 0.478012 0.352706 0.483551 0.353180 0.482665 0.371599
7 0.341069 0.485273 0.340836 0.466742 0.368827 0.466116 0.369060 0.484647
5 0.559141 0.055276 0.560759 0.030739 0.568984 0.031704 0.567366 0.056240
5 0.465461 0.773457 0.465468 0.747372 0.473602 0.747376 0.473595 0.773461
3 0.208699 0.451146 0.206218 0.278435 0.249634 0.277326 0.252115 0.450037
7 0.345660 0.537153 0.344633 0.499635 0.358540 0.498958 0.359566 0.536477
11 0.162043 0.037582 0.160639 0.008127 0.181707 0.006342 0.183111 0.035796
7 0.308423 0.544450 0.307597 0.499064 0.321785 0.498605 0.322611 0.543991
12 0.326682 0.550958 0.326119 0.497925 0.340506 0.497653 0.341068 0.550686
5 0.445482 0.291819 0.445526 0.275868 0.449831 0.275890 0.449787 0.291840
5 0.460077 0.280698 0.459991 0.256502 0.467527 0.256454 0.467613 0.280651
11 0.518669 0.907745 0.422139 0.774758 0.540966 0.621422 0.637496 0.754408
