7 0.568608 0.619850 0.568080 0.573502 0.582694 0.573205 0.583222 0.619554
0 0.579452 0.904435 0.579541 0.870516 0.590079 0.870565 0.589991 0.904484
0 0.551968 0.203795 0.547410 0.185062 0.556366 0.181188 0.560924 0.199921
0 0.552925 0.078759 0.553073 0.055865 0.561658 0.055963 0.561510 0.078857
0 0.591501 0.798822 0.590351 0.773412 0.599124 0.772706 0.600274 0.798115
0 0.565285 0.519147 0.563521 0.496177 0.574037 0.494741 0.575802 0.517712
0 0.551067 0.252057 0.550677 0.231252 0.560391 0.230929 0.560781 0.251734
3 0.984571 0.476230 0.999854 0.395605 1.000000 0.400854 1.000000 0.481478
5 0.555418 0.326053 0.554809 0.305551 0.561509 0.305197 0.562119 0.325699
5 0.577331 0.185384 0.574867 0.158763 0.583606 0.157325 0.586070 0.183946
