0 0.621548 0.949624 0.608777 0.919165 0.619077 0.911487 0.631848 0.941946
5 0.579642 0.813221 0.575671 0.785466 0.584161 0.783307 0.588131 0.811062
0 0.490716 0.099868 0.483728 0.067231 0.494441 0.063153 0.501429 0.095790
8 0.527968 0.217712 0.523379 0.166864 0.538699 0.164406 0.543287 0.215254
5 0.534453 0.581801 0.535424 0.559312 0.542631 0.559866 0.541659 0.582354
5 0.635680 0.799892 0.631780 0.777083 0.638279 0.775108 0.642178 0.797917
12 0.923146 0.981454 0.954689 0.851822 0.999771 0.871323 0.968228 1.000000
5 0.619782 0.563991 0.618338 0.543802 0.625009 0.542954 0.626454 0.563142
5 0.664873 0.997652 0.650893 0.969236 0.659085 0.962070 0.673066 0.990486
5 0.581967 0.919393 0.568224 0.903691 0.573241 0.895884 0.586985 0.911587
12 0.879700 0.190952 0.847419 0.115269 0.868217 0.099499 0.900498 0.175182
7 0.633742 0.861431 0.622416 0.811585 0.638133 0.805236 0.649459 0.855082
0 0.512810 0.254326 0.503111 0.207602 0.516617 0.202618 0.526316 0.249342
5 0.551382 0.255803 0.549891 0.248124 0.565285 0.242808 0.566776 0.250487
5 0.596004 0.587972 0.589784 0.561643 0.598788 0.557861 0.605008 0.584190
0 0.427881 0.082149 0.420655 0.055841 0.430192 0.051184 0.437418 0.077492
5 0.551966 0.268529 0.550436 0.260847 0.565742 0.255429 0.567272 0.263111
2 0.948343 0.252851 0.893082 0.155118 0.909990 0.138121 0.965251 0.235854
5 0.510005 0.182003 0.508509 0.155668 0.517079 0.154803 0.518574 0.181138
0 0.619757 0.745202 0.616568 0.715864 0.627118 0.713826 0.630307 0.743163
0 0.143860 0.472051 0.134183 0.423116 0.157963 0.414755 0.167640 0.463690
0 0.579900 0.365495 0.573938 0.341862 0.582600 0.337977 0.588562 0.361611
0 0.541971 0.297038 0.534930 0.270549 0.544227 0.266156 0.551268 0.292645
0 0.396480 0.943979 0.399493 0.907371 0.409249 0.908799 0.406236 0.945406
0 0.520702 0.685702 0.515651 0.655987 0.527214 0.652492 0.532266 0.682207
0 0.543130 0.329053 0.538758 0.303850 0.547495 0.301156 0.551867 0.326358
1 0.536082 0.680740 0.532502 0.659281 0.541002 0.656760 0.544582 0.678219
0 0.625911 0.616780 0.618948 0.586486 0.630339 0.581832 0.637302 0.612125
0 0.488113 0.361437 0.483368 0.332565 0.497304 0.328494 0.502048 0.357366
5 0.463833 0.319522 0.457809 0.300925 0.463771 0.297491 0.469795 0.316089
0 0.649235 0.821186 0.645145 0.795145 0.653890 0.792703 0.657980 0.818744
0 0.568555 0.068543 0.560426 0.032802 0.577279 0.025988 0.585407 0.061729
5 0.528015 0.315331 0.524874 0.295366 0.530839 0.293697 0.533980 0.313662
