8 0.598824 0.617705 0.604760 0.603334 0.631905 0.623267 0.625969 0.637638
7 0.304249 0.117816 0.317422 0.084437 0.328563 0.092254 0.315391 0.125632
7 0.465314 0.756074 0.486298 0.722638 0.496665 0.734204 0.475681 0.767640
7 0.615690 0.668227 0.622488 0.654201 0.650456 0.678301 0.643658 0.692326
7 0.523365 0.568105 0.529778 0.554512 0.555802 0.576340 0.549389 0.589933
7 0.427242 0.707573 0.419112 0.696140 0.440726 0.668816 0.448857 0.680249
7 0.372924 0.439987 0.379422 0.425357 0.405722 0.446124 0.399224 0.460754
12 0.804778 0.509643 0.812597 0.491057 0.852514 0.520913 0.844694 0.539499
5 0.600092 0.724069 0.603035 0.716546 0.615533 0.725236 0.612590 0.732760
7 0.245218 0.280466 0.242270 0.240512 0.256605 0.238631 0.259553 0.278586
5 0.333961 0.052536 0.339832 0.033124 0.347289 0.037134 0.341418 0.056546
5 0.547305 0.657928 0.551398 0.650119 0.563632 0.661516 0.559540 0.669326
5 0.657236 0.663330 0.660610 0.656712 0.672973 0.667920 0.669598 0.674538
5 0.704013 0.686200 0.707061 0.679668 0.718904 0.689494 0.715856 0.696026
5 0.384182 0.542585 0.385978 0.535423 0.399477 0.541443 0.397680 0.548605
5 0.551497 0.690593 0.554403 0.684353 0.566212 0.694129 0.563305 0.700370
5 0.661023 0.750180 0.664076 0.744091 0.675956 0.754682 0.672903 0.760770
5 0.847597 0.936717 0.850995 0.928909 0.864903 0.939672 0.861505 0.947480
5 0.212867 0.307433 0.213394 0.299985 0.226195 0.301595 0.225668 0.309043
7 0.766047 0.769846 0.772625 0.756187 0.800619 0.780154 0.794041 0.793813
8 0.918853 0.771048 0.926717 0.755099 0.963438 0.787285 0.955575 0.803234
5 0.515549 0.606625 0.518458 0.600220 0.529763 0.609347 0.526855 0.615752
5 0.434504 0.524542 0.438016 0.517034 0.450652 0.527541 0.447141 0.535050
5 0.472611 0.513739 0.475008 0.507831 0.486503 0.516122 0.484107 0.522030
5 0.330160 0.203085 0.327191 0.184270 0.332861 0.182679 0.335830 0.201494
7 0.269241 0.320547 0.255858 0.288555 0.266696 0.280495 0.280080 0.312487
5 0.590201 0.684902 0.593625 0.676128 0.608757 0.686625 0.605333 0.695399
5 0.106616 0.261101 0.110025 0.253668 0.121509 0.263031 0.118100 0.270464
5 0.521211 0.593855 0.524977 0.586682 0.537644 0.598506 0.533877 0.605679
5 0.738509 0.845555 0.742801 0.838019 0.756282 0.851667 0.751991 0.859203
7 0.047765 0.116242 0.054116 0.104222 0.073915 0.122821 0.067564 0.134840
7 0.104952 0.117376 0.112402 0.104620 0.137366 0.130540 0.129916 0.143296
1 0.291828 0.346393 0.296706 0.335744 0.311818 0.348052 0.306940 0.358701
1 0.639512 0.945783 0.654430 0.925960 0.663092 0.937550 0.648174 0.957373
7 0.256157 0.164041 0.270078 0.130610 0.280822 0.138563 0.266901 0.171994
7 0.444338 0.561408 0.448454 0.551648 0.464386 0.563592 0.460270 0.573352
5 0.197165 0.083488 0.199469 0.076797 0.211169 0.083960 0.208865 0.090651
5 0.333630 0.503601 0.336616 0.495650 0.350224 0.504732 0.347239 0.512684
7 0.623763 0.761154 0.628223 0.750543 0.646028 0.763846 0.641569 0.774457
7 0.814777 0.838129 0.819566 0.826682 0.838869 0.841037 0.834080 0.852485
7 0.278588 0.307921 0.269855 0.272298 0.281829 0.267079 0.290562 0.302702
5 0.028094 0.132566 0.031326 0.125497 0.043195 0.135142 0.039963 0.142212
5 0.493245 0.514186 0.496926 0.505824 0.510401 0.516370 0.506720 0.524731
