0 0.513748 0.334433 0.507157 0.311749 0.517242 0.306539 0.523833 0.329223
5 0.545236 0.774356 0.544436 0.750378 0.551639 0.749950 0.552439 0.773928
5 0.524585 0.715715 0.523218 0.697567 0.529060 0.696784 0.530428 0.714933
5 0.535663 0.607092 0.533960 0.583481 0.541680 0.582491 0.543383 0.606102
5 0.514219 0.413769 0.511678 0.391191 0.519115 0.389704 0.521655 0.412281
12 0.774622 0.785812 0.783615 0.758346 0.842565 0.792660 0.833572 0.820126
5 0.491481 0.293584 0.484102 0.280495 0.488728 0.275860 0.496106 0.288949
7 0.487819 0.223229 0.484396 0.183495 0.496556 0.181632 0.499979 0.221366
7 0.474742 0.224866 0.472520 0.192274 0.483591 0.190933 0.485813 0.223524
0 0.312353 1.000000 0.308228 0.998576 0.324626 0.983646 0.328752 0.991702
12 0.633568 0.193651 0.667966 0.132130 0.687266 0.151314 0.652867 0.212835
5 0.486891 0.180194 0.484772 0.163879 0.489932 0.162688 0.492051 0.179003
5 0.082391 0.487648 0.071215 0.472565 0.076333 0.465824 0.087509 0.480907
5 0.486543 0.156330 0.485060 0.135286 0.491582 0.134469 0.493065 0.155513
12 0.738950 0.334072 0.748013 0.311323 0.816779 0.360025 0.807716 0.382775
12 0.768282 0.094320 0.773792 0.077779 0.824426 0.107764 0.818916 0.124305
0 0.535762 0.948954 0.534749 0.921101 0.544186 0.920490 0.545199 0.948344
