7 0.328957 0.154713 0.328824 0.133230 0.365314 0.132830 0.365446 0.154314
8 0.472840 0.220243 0.473173 0.168466 0.488879 0.168646 0.488545 0.220423
7 0.332688 0.179823 0.331901 0.157582 0.366270 0.155420 0.367057 0.177661
8 0.230705 0.267258 0.233057 0.219923 0.248462 0.221284 0.246109 0.268619
0 0.448391 0.658740 0.445858 0.635328 0.454734 0.633621 0.457267 0.657033
7 0.284419 0.263845 0.283523 0.221436 0.298393 0.220877 0.299290 0.263286
6 0.094383 0.420413 0.095526 0.399908 0.142727 0.404587 0.141583 0.425092
7 0.335458 0.207231 0.335075 0.186501 0.366234 0.185478 0.366617 0.206207
5 0.479114 0.407711 0.479444 0.389335 0.484948 0.389511 0.484618 0.407887
5 0.460646 0.517085 0.461409 0.500558 0.466437 0.500971 0.465674 0.517498
5 0.543140 0.607311 0.540600 0.588053 0.547485 0.586439 0.550025 0.605697
12 0.319608 0.262881 0.319390 0.220586 0.334038 0.220452 0.334256 0.262747
0 0.560836 0.214165 0.560350 0.189412 0.568330 0.189133 0.568817 0.213886
7 0.240857 0.030449 0.241213 0.008948 0.265914 0.009677 0.265557 0.031178
3 0.199280 0.155841 0.196050 0.000345 0.241345 0.000000 0.244575 0.154168
5 0.453246 0.048646 0.452604 0.027374 0.460296 0.026962 0.460938 0.048233
7 0.301655 0.269396 0.300509 0.221851 0.315011 0.221229 0.316158 0.268774
12 0.267724 0.260716 0.267190 0.220531 0.281755 0.220187 0.282289 0.260372
0 0.200098 0.655344 0.200467 0.639488 0.224642 0.640489 0.224272 0.656345
5 0.465191 0.044755 0.464327 0.021129 0.472309 0.020609 0.473173 0.044236
