7 0.536249 0.115026 0.542734 0.095205 0.574689 0.113793 0.568203 0.133614
0 0.222251 0.841791 0.218388 0.828612 0.241552 0.816542 0.245414 0.829721
13 0.494975 0.214107 0.510958 0.172454 0.524296 0.181553 0.508313 0.223206
0 0.447788 0.435652 0.455267 0.418530 0.464191 0.425459 0.456713 0.442581
13 0.346895 0.715086 0.368188 0.675735 0.379896 0.686997 0.358602 0.726349
5 0.361428 0.484331 0.367812 0.465697 0.373467 0.469141 0.367084 0.487775
6 0.452150 0.348778 0.469665 0.308085 0.480662 0.316499 0.463147 0.357193
5 0.382276 0.641786 0.378296 0.633395 0.394156 0.620020 0.398136 0.628411
5 0.568108 0.226707 0.573170 0.208390 0.578767 0.211140 0.573705 0.229457
5 0.306135 0.772032 0.302090 0.763440 0.316261 0.751579 0.320306 0.760172
3 0.399963 0.776072 0.468053 0.646139 0.496391 0.672540 0.428302 0.802472
0 0.477694 0.289659 0.490371 0.258338 0.499910 0.265202 0.487233 0.296523
5 0.571098 0.188603 0.579237 0.172338 0.584111 0.176674 0.575972 0.192939
12 0.425518 0.026701 0.441198 0.000000 0.459899 0.000773 0.444219 0.039993
0 0.607405 0.161701 0.618106 0.137767 0.625928 0.143985 0.615227 0.167919
5 0.395754 0.796220 0.393279 0.777477 0.399558 0.776002 0.402034 0.794746
7 0.415702 0.671769 0.435305 0.634862 0.446668 0.645592 0.427065 0.682499
7 0.035897 0.817581 0.030736 0.800478 0.069571 0.779642 0.074733 0.796744
5 0.606303 0.200724 0.617214 0.179967 0.623385 0.185734 0.612474 0.206491
6 0.407408 0.455094 0.425356 0.415041 0.435821 0.423378 0.417873 0.463431
5 0.594529 0.184660 0.600619 0.161958 0.608075 0.165514 0.601985 0.188216
12 0.111005 0.810470 0.106351 0.793214 0.145896 0.774252 0.150550 0.791508
5 0.557927 0.294371 0.567069 0.277718 0.572542 0.283059 0.563400 0.299713
5 0.543583 0.343023 0.546828 0.333907 0.561885 0.343435 0.558640 0.352551
3 0.798948 0.907269 0.697896 0.685228 0.725531 0.662870 0.826583 0.884910
0 0.480450 0.507251 0.490475 0.490224 0.498195 0.498304 0.488170 0.515332
5 0.537690 0.294686 0.545919 0.272415 0.553716 0.277537 0.545487 0.299807
0 0.595308 0.130877 0.606648 0.103231 0.615109 0.109401 0.603769 0.137047
12 0.680033 0.281461 0.708396 0.210433 0.733509 0.228261 0.705146 0.299289
0 0.594301 1.000000 0.593530 0.983222 0.607261 0.982172 0.608032 1.000000
12 0.901885 0.998891 0.919055 0.923924 0.958532 0.939998 0.941361 1.000000
5 0.667326 0.038732 0.676271 0.012330 0.684237 0.017127 0.675291 0.043530
5 0.133512 0.755337 0.130704 0.745546 0.148780 0.736330 0.151588 0.746121
12 0.656625 0.398585 0.674811 0.356855 0.741291 0.408359 0.723106 0.450090
5 0.545097 0.320862 0.550991 0.297404 0.559070 0.301013 0.553176 0.324471
