0 0.577675 0.335488 0.578286 0.306854 0.587950 0.307220 0.587339 0.335855
0 0.573353 0.528784 0.574139 0.500592 0.583938 0.501077 0.583153 0.529269
0 0.640845 0.623386 0.639688 0.595412 0.649780 0.594670 0.650937 0.622644
0 0.672955 0.863942 0.670474 0.819642 0.686941 0.818003 0.689421 0.862302
13 0.667395 0.392326 0.671012 0.335630 0.687813 0.337535 0.684197 0.394231
5 0.604234 0.260798 0.604754 0.239585 0.611912 0.239897 0.611392 0.261109
12 0.672400 0.944401 0.671645 0.889332 0.688016 0.888933 0.688771 0.944002
6 0.576406 0.999946 0.576614 0.981784 0.587135 0.981998 0.586927 1.000000
5 0.596730 0.995638 0.596092 0.969980 0.603791 0.969640 0.604428 0.995298
0 0.676788 0.227134 0.678454 0.200251 0.688316 0.201338 0.686650 0.228221
0 0.595051 0.090920 0.596633 0.061352 0.606512 0.062291 0.604930 0.091860
6 0.896364 0.859086 0.911743 0.820709 1.000000 0.895081 1.000000 0.933457
0 0.676023 0.777337 0.677120 0.750946 0.689081 0.751829 0.687984 0.778221
3 0.811020 0.766262 0.840874 0.691720 0.876480 0.717071 0.846626 0.791614
13 0.669098 0.702715 0.666699 0.649991 0.682985 0.648673 0.685385 0.701398
0 0.612525 0.040240 0.613446 0.015922 0.621850 0.016488 0.620929 0.040806
1 0.512295 0.218582 0.515510 0.200752 0.528851 0.205029 0.525636 0.222859
0 0.550268 0.059141 0.552330 0.037932 0.562232 0.039643 0.560170 0.060853
