12 0.174592 0.878124 0.162749 0.857580 0.203013 0.816320 0.214855 0.836865
0 0.630533 0.331055 0.646680 0.298617 0.657488 0.308181 0.641341 0.340619
12 0.063695 1.000000 0.052064 0.980365 0.101149 0.932952 0.112779 0.954357
5 0.642399 0.360274 0.637097 0.352505 0.651351 0.335212 0.656653 0.342981
5 0.656449 0.299352 0.648757 0.289541 0.665947 0.265579 0.673639 0.275389
5 0.780228 0.096116 0.795862 0.072891 0.803626 0.082183 0.787993 0.105407
5 0.405636 0.661409 0.399062 0.651230 0.417932 0.629563 0.424506 0.639742
12 0.978126 0.544627 0.969964 0.516959 0.999999 0.501207 1.000000 0.528874
0 0.841190 0.247946 0.835027 0.218944 0.845268 0.215075 0.851432 0.244076
0 0.406496 0.688897 0.399713 0.677513 0.421759 0.654158 0.428543 0.665543
3 0.877541 0.534281 0.870448 0.505158 0.980793 0.457385 0.987885 0.486509
11 0.220720 0.831631 0.209374 0.811131 0.256363 0.764897 0.267709 0.785397
5 0.813596 0.052934 0.834451 0.020804 0.842654 0.030269 0.821799 0.062399
