0 0.095697 0.502369 0.108317 0.478386 0.118496 0.487909 0.105876 0.511892
0 0.583800 0.616171 0.582618 0.579703 0.595367 0.578968 0.596548 0.615436
0 0.441719 0.650032 0.440986 0.623335 0.450208 0.622885 0.450941 0.649581
6 0.581013 0.459029 0.580723 0.418232 0.594768 0.418054 0.595059 0.458851
0 0.572644 0.144508 0.575201 0.102567 0.587773 0.103930 0.585216 0.145870
3 0.232500 0.918008 0.249890 0.712192 0.316979 0.722269 0.299589 0.928086
3 0.342421 0.239224 0.341193 0.171709 0.410834 0.169456 0.412062 0.236971
12 0.252231 0.632904 0.264752 0.436739 0.293603 0.440012 0.281082 0.636178
7 0.445840 0.804896 0.446112 0.763013 0.458847 0.763160 0.458576 0.805042
0 0.584876 0.784412 0.586048 0.746901 0.597415 0.747532 0.596244 0.785043
0 0.557846 0.097265 0.557771 0.069617 0.566373 0.069576 0.566448 0.097223
13 0.438694 0.391212 0.439181 0.359882 0.449847 0.360177 0.449361 0.391507
1 0.555028 0.500226 0.555128 0.478177 0.563722 0.478247 0.563622 0.500295
0 0.577453 0.200563 0.578411 0.158677 0.590255 0.159159 0.589297 0.201045
5 0.562657 0.233033 0.562397 0.209121 0.569635 0.208981 0.569895 0.232893
5 0.567285 0.703740 0.566340 0.681510 0.573340 0.680982 0.574285 0.703212
5 0.584269 0.278201 0.582242 0.262184 0.587345 0.261035 0.589373 0.277052
5 0.565051 0.978839 0.564099 0.956436 0.571407 0.955883 0.572360 0.978286
6 0.585727 0.987763 0.583581 0.945325 0.596304 0.944181 0.598450 0.986620
0 0.378813 0.945832 0.400910 0.888555 0.419624 0.901391 0.397527 0.958667
