12 0.667659 0.520529 0.668296 0.468713 0.683903 0.469054 0.683266 0.520870
0 0.573942 0.393033 0.574433 0.363960 0.584391 0.364259 0.583901 0.393331
0 0.577795 0.194275 0.578370 0.166660 0.587830 0.167010 0.587255 0.194625
5 0.590926 0.790594 0.591196 0.766899 0.598397 0.767045 0.598127 0.790740
0 0.644866 0.718772 0.646178 0.691484 0.656176 0.692339 0.654863 0.719627
0 0.648852 0.639375 0.650061 0.614666 0.659481 0.615486 0.658272 0.640195
0 0.652355 0.342941 0.651560 0.317312 0.661187 0.316781 0.661982 0.342410
6 0.566650 0.870993 0.568117 0.836522 0.578923 0.837340 0.577456 0.871811
0 0.830679 0.628703 0.846099 0.585950 0.856821 0.592825 0.841401 0.635578
3 0.844389 0.708881 0.866241 0.641471 0.880090 0.649452 0.858239 0.716863
12 0.786468 0.746932 0.793125 0.728324 0.837490 0.756540 0.830833 0.775148
0 0.670288 0.444902 0.668799 0.401892 0.684399 0.400932 0.685889 0.443941
12 0.957110 0.000480 0.961289 0.000000 0.983515 0.000000 0.979336 0.012862
2 0.775774 0.997467 0.793035 0.932222 0.809642 0.940033 0.792382 1.000000
0 0.674546 0.359483 0.676732 0.336533 0.687954 0.338434 0.685768 0.361383
12 0.649876 0.998355 0.650026 0.943233 0.666270 0.943312 0.666119 0.998433
