6 0.521273 0.894745 0.521379 0.845483 0.534457 0.845533 0.534350 0.894795
12 0.482734 0.228429 0.480793 0.177366 0.494610 0.176432 0.496551 0.227495
13 0.010096 0.969351 0.010021 0.947541 0.046707 0.947316 0.046782 0.969126
6 0.521308 0.844325 0.521449 0.793110 0.534942 0.793175 0.534801 0.844390
8 0.010197 0.942739 0.009864 0.923658 0.045922 0.922539 0.046255 0.941620
7 0.278178 0.971382 0.278138 0.949572 0.315052 0.949451 0.315092 0.971261
7 0.009975 0.825225 0.010078 0.806400 0.043150 0.806719 0.043047 0.825544
0 0.488356 0.486970 0.487086 0.464682 0.496540 0.463724 0.497810 0.486013
0 0.504940 0.933884 0.505209 0.909016 0.513289 0.909172 0.513020 0.934039
6 0.511821 0.258612 0.509605 0.207395 0.523596 0.206319 0.525811 0.257536
8 0.474972 0.079513 0.474153 0.034127 0.488049 0.033681 0.488868 0.079067
5 0.555921 0.618454 0.554985 0.600942 0.561787 0.600296 0.562723 0.617808
1 0.564814 0.575829 0.564178 0.548194 0.574248 0.547782 0.574884 0.575417
1 0.455393 0.393337 0.455651 0.366907 0.465570 0.367079 0.465313 0.393509
5 0.480165 0.305185 0.472240 0.291519 0.477127 0.286482 0.485052 0.300147
5 0.499640 0.244718 0.499396 0.226242 0.504787 0.226115 0.505031 0.244591
11 0.852559 0.358889 0.852269 0.342357 0.892232 0.341111 0.892522 0.357643
7 0.004729 0.679718 0.004108 0.663007 0.030655 0.661254 0.031276 0.677965
13 0.077523 0.856514 0.077964 0.812616 0.095524 0.812930 0.095083 0.856828
6 0.077246 0.909815 0.075940 0.861886 0.093848 0.861019 0.095154 0.908947
5 0.650852 0.493044 0.641328 0.482000 0.644981 0.476400 0.654505 0.487444
5 0.516611 0.472581 0.507276 0.457557 0.512556 0.451725 0.521891 0.466748
0 0.713146 0.437581 0.712945 0.413972 0.723833 0.413807 0.724034 0.437417
5 0.624951 0.979206 0.623973 0.972817 0.636507 0.969405 0.637486 0.975794
5 0.758595 0.757003 0.761868 0.751167 0.773175 0.762442 0.769903 0.768277
5 0.593114 0.534570 0.583639 0.521670 0.587355 0.516819 0.596829 0.529719
7 0.567512 0.687585 0.567848 0.637934 0.582488 0.638110 0.582152 0.687761
12 0.585151 0.395464 0.576775 0.357126 0.588808 0.352453 0.597183 0.390790
5 0.481105 0.284491 0.471575 0.265446 0.477749 0.259954 0.487279 0.278999
6 0.462639 0.517886 0.462280 0.470492 0.475902 0.470309 0.476262 0.517702
5 0.621166 0.952289 0.622053 0.944842 0.635604 0.947711 0.634717 0.955158
5 0.778124 0.791596 0.769146 0.778166 0.772918 0.773682 0.781896 0.787112
5 0.458059 0.125926 0.457057 0.102266 0.464857 0.101678 0.465859 0.125339
5 0.712255 0.709192 0.701867 0.695761 0.705974 0.690114 0.716362 0.703544
12 0.356082 0.693395 0.354711 0.644818 0.368918 0.644105 0.370289 0.692682
7 0.306026 0.691043 0.306525 0.644780 0.321579 0.645069 0.321079 0.691331
6 0.157639 0.695003 0.157587 0.648085 0.173611 0.648053 0.173663 0.694971
3 0.766933 1.000000 0.766537 0.978931 0.788276 0.978237 0.788671 1.000000
5 0.884250 0.796749 0.873248 0.784656 0.877209 0.778251 0.888210 0.790344
0 0.550717 0.896933 0.550197 0.863020 0.558658 0.862790 0.559178 0.896702
5 0.563263 0.279068 0.563157 0.260926 0.569289 0.260863 0.569395 0.279004
0 0.485688 0.744467 0.485294 0.722468 0.493739 0.722200 0.494133 0.744198
0 0.630018 0.595690 0.626428 0.586056 0.642898 0.575143 0.646489 0.584778
5 0.622111 0.647638 0.619925 0.637446 0.637264 0.630834 0.639450 0.641026
11 0.493078 0.668907 0.431648 0.594085 0.575672 0.383870 0.637102 0.458693
7 0.005198 0.801731 0.004544 0.782632 0.044281 0.780213 0.044935 0.799312
8 0.006771 0.776458 0.006547 0.757657 0.043489 0.756875 0.043713 0.775677
6 0.258009 0.694946 0.257116 0.649302 0.271418 0.648804 0.272311 0.694448
11 0.507538 0.509429 0.437018 0.426274 0.564337 0.234321 0.634857 0.317476
12 0.206664 0.695085 0.206935 0.647820 0.221721 0.647971 0.221450 0.695235
6 0.144518 0.536708 0.143054 0.491959 0.158347 0.491070 0.159811 0.535819
10 0.617345 0.424513 0.598474 0.390138 0.609218 0.379653 0.628088 0.414029
0 0.797760 0.999737 0.799349 0.984519 0.816823 0.987763 0.815235 1.000000
5 0.690575 0.448587 0.687993 0.443567 0.695362 0.436829 0.697944 0.441850
5 0.631704 0.708146 0.635616 0.691587 0.641213 0.693938 0.637300 0.710496
4 0.903524 0.596452 0.902577 0.565596 0.957934 0.562576 0.958881 0.593431
2 0.339880 0.693882 0.340125 0.643493 0.354651 0.643618 0.354407 0.694007
