6 0.635747 0.760725 0.638099 0.730331 0.647587 0.731636 0.645234 0.762030
3 0.468507 0.442360 0.467416 0.402716 0.494514 0.401390 0.495605 0.441034
7 0.636252 0.451016 0.635389 0.440488 0.653332 0.437873 0.654195 0.448401
7 0.022364 0.522842 0.021426 0.510492 0.042024 0.507713 0.042962 0.520064
7 0.691534 0.447835 0.690474 0.437788 0.706382 0.434804 0.707442 0.444851
5 0.546266 0.578231 0.545721 0.565187 0.550609 0.564824 0.551154 0.577868
5 0.601217 0.622775 0.600327 0.606913 0.605554 0.606391 0.606443 0.622254
5 0.623320 0.761782 0.622122 0.744462 0.627722 0.743773 0.628920 0.761093
0 0.611558 0.419426 0.611147 0.407524 0.625942 0.406616 0.626353 0.418517
5 0.596919 0.925041 0.594496 0.907211 0.601519 0.905515 0.603941 0.923345
7 0.428883 0.469950 0.427998 0.459415 0.445596 0.456786 0.446481 0.467321
5 0.560507 0.588964 0.559646 0.574752 0.564493 0.574231 0.565354 0.588442
5 0.608987 0.588124 0.608860 0.573064 0.613929 0.572988 0.614057 0.588047
6 0.631012 0.670624 0.623675 0.628605 0.634613 0.625210 0.641950 0.667228
5 0.594155 0.567800 0.593755 0.552564 0.598553 0.552339 0.598954 0.567575
0 0.579451 0.540936 0.577603 0.515011 0.586174 0.513925 0.588022 0.539850
5 0.601889 0.514315 0.602660 0.498375 0.608528 0.498880 0.607757 0.514819
3 0.000000 0.684909 0.000000 0.660702 0.014121 0.677591 0.000000 0.701798
7 0.618635 0.474522 0.619278 0.463118 0.638657 0.465061 0.638014 0.476466
12 0.388971 0.471486 0.387586 0.460177 0.411810 0.454903 0.413195 0.466212
6 0.634181 0.697308 0.632092 0.668536 0.641861 0.667275 0.643950 0.696047
5 0.561002 0.679827 0.559844 0.661228 0.566863 0.660451 0.568021 0.679050
5 0.589338 0.553356 0.589574 0.540252 0.593996 0.540394 0.593759 0.553498
0 0.587522 0.970484 0.585750 0.950200 0.593728 0.948961 0.595500 0.969245
0 0.347182 0.472560 0.346360 0.460479 0.366881 0.457995 0.367703 0.470077
2 0.148315 0.352164 0.190515 0.252547 0.210540 0.267628 0.168339 0.367245
12 0.491140 0.492366 0.490698 0.478576 0.529172 0.476384 0.529614 0.490174
11 0.564370 0.060651 0.564146 0.000713 0.582505 0.000590 0.582729 0.060529
