0 0.292208 0.879422 0.287141 0.868660 0.303105 0.855300 0.308171 0.866062
7 0.463917 0.469174 0.481902 0.434386 0.493896 0.445409 0.475911 0.480198
7 0.435443 0.472842 0.449627 0.428909 0.463515 0.436881 0.449332 0.480813
13 0.360128 0.336135 0.368703 0.292513 0.383101 0.297545 0.374526 0.341167
7 0.357067 0.067948 0.364732 0.050019 0.393974 0.072242 0.386309 0.090172
7 0.106565 0.575649 0.112686 0.557178 0.147732 0.577823 0.141611 0.596294
7 0.407337 0.168179 0.411777 0.151513 0.440580 0.165154 0.436140 0.181821
7 0.115169 0.552924 0.121803 0.534181 0.157747 0.556798 0.151114 0.575541
7 0.131928 0.529459 0.138587 0.511359 0.170676 0.532347 0.164017 0.550447
8 0.625215 0.101483 0.637557 0.070465 0.648743 0.078378 0.636401 0.109396
8 0.422487 0.862331 0.441347 0.818663 0.455247 0.829335 0.436388 0.873004
7 0.414815 0.150261 0.420786 0.130376 0.451852 0.146962 0.445880 0.166846
7 0.100366 0.599226 0.106700 0.580360 0.139738 0.600079 0.133404 0.618946
7 0.075612 0.958953 0.081583 0.937602 0.116445 0.954936 0.110474 0.976286
7 0.370246 0.054046 0.376528 0.038406 0.403387 0.057586 0.397105 0.073226
7 0.544438 0.256318 0.539024 0.241068 0.566239 0.223890 0.571653 0.239140
7 0.383938 0.496521 0.389144 0.479524 0.421661 0.497229 0.416455 0.514226
7 0.333973 0.124601 0.340359 0.105444 0.372277 0.124358 0.365891 0.143515
7 0.423447 0.131021 0.428920 0.114506 0.458323 0.131826 0.452851 0.148342
7 0.350768 0.086565 0.356975 0.071328 0.384193 0.091039 0.377986 0.106276
7 0.337766 0.101910 0.344285 0.084662 0.374604 0.105034 0.368085 0.122282
7 0.435347 0.115076 0.440507 0.099967 0.467778 0.116521 0.462618 0.131631
0 0.722859 0.168878 0.731492 0.147447 0.739121 0.152910 0.730487 0.174341
1 0.673900 0.418111 0.672860 0.392368 0.683391 0.391611 0.684432 0.417355
5 0.370059 0.764902 0.366729 0.758017 0.380462 0.746209 0.383792 0.753094
13 0.075052 0.622517 0.081640 0.606076 0.123386 0.635816 0.116797 0.652258
5 0.438042 0.951419 0.444236 0.931515 0.449979 0.934692 0.443785 0.954596
7 0.144742 0.507592 0.151501 0.489243 0.183904 0.510463 0.177145 0.528812
12 0.065431 0.495471 0.077859 0.465452 0.122459 0.498279 0.110031 0.528298
5 0.067387 0.771657 0.069285 0.764346 0.084566 0.771399 0.082668 0.778710
5 0.291542 0.823536 0.289491 0.814308 0.307937 0.807020 0.309988 0.816248
6 0.775071 0.159856 0.783389 0.117625 0.795763 0.121958 0.787444 0.164189
5 0.685978 0.335763 0.691944 0.319978 0.696835 0.323265 0.690869 0.339049
5 0.475667 0.935365 0.473023 0.914667 0.479281 0.913246 0.481925 0.933944
5 0.561871 0.370892 0.563289 0.348446 0.570421 0.349247 0.569003 0.371693
5 0.386202 0.621239 0.389679 0.603139 0.395568 0.605150 0.392091 0.623250
2 0.400092 0.984862 0.419715 0.933845 0.432981 0.942916 0.413358 0.993933
5 0.515346 0.368390 0.518917 0.347251 0.525800 0.349318 0.522229 0.370457
8 0.734144 0.227423 0.746570 0.192577 0.758565 0.200181 0.746138 0.235027
5 0.097902 0.778740 0.101035 0.769228 0.121109 0.780982 0.117975 0.790495
5 0.463679 0.592680 0.461078 0.584298 0.478508 0.574681 0.481110 0.583063
7 0.569847 0.224134 0.579801 0.191814 0.590310 0.197568 0.580356 0.229888
5 0.390490 0.967430 0.400873 0.945939 0.407947 0.952014 0.397564 0.973506
7 0.406244 0.553222 0.426329 0.515173 0.438547 0.526639 0.418463 0.564688
5 0.585958 0.532000 0.580970 0.508893 0.588000 0.506195 0.592989 0.529301
7 0.407651 0.431752 0.414008 0.416451 0.441828 0.436998 0.435471 0.452299
5 0.437101 0.612502 0.450363 0.596987 0.455086 0.604164 0.441824 0.619680
12 0.387723 0.186471 0.394038 0.169852 0.462798 0.216307 0.456483 0.232926
0 0.356424 0.998212 0.368828 0.970502 0.378471 0.978176 0.366068 1.000000
6 0.619535 0.131013 0.606890 0.096258 0.619528 0.088084 0.632173 0.122839
5 0.359611 0.682598 0.370091 0.663566 0.376847 0.670180 0.366368 0.689212
12 0.000000 0.445694 0.006459 0.414191 0.052883 0.447361 0.040221 0.478865
5 0.335407 0.838343 0.330382 0.830142 0.344801 0.814434 0.349826 0.822635
13 0.184640 0.618787 0.191680 0.600896 0.227078 0.625657 0.220039 0.643548
5 0.691315 0.528943 0.695374 0.521182 0.708685 0.533557 0.704626 0.541318
5 0.656064 0.376282 0.663901 0.358258 0.669977 0.362955 0.662140 0.380978
5 0.372061 0.526503 0.374158 0.520937 0.386273 0.529053 0.384176 0.534618
7 0.198469 0.598556 0.205126 0.581856 0.236687 0.604222 0.230030 0.620922
8 0.397210 0.457614 0.402744 0.440035 0.432999 0.456970 0.427464 0.474548
12 0.463281 0.975812 0.458211 0.930831 0.470573 0.928354 0.475643 0.973335
5 0.356359 0.656171 0.346961 0.645748 0.349891 0.641052 0.359289 0.651474
5 0.330459 0.732395 0.341827 0.714065 0.348186 0.721077 0.336819 0.739407
5 0.431509 0.551874 0.438744 0.533310 0.446095 0.538404 0.438860 0.556967
1 0.427259 0.643323 0.437147 0.619467 0.446179 0.626122 0.436290 0.649978
7 0.375128 0.033292 0.382478 0.015884 0.415497 0.040666 0.408147 0.058074
13 0.328051 0.393663 0.346280 0.358255 0.356324 0.367448 0.338095 0.402856
0 0.457415 0.160110 0.470820 0.120725 0.486856 0.130428 0.473451 0.169813
7 0.175508 0.643700 0.182398 0.626526 0.215378 0.650050 0.208487 0.667224
5 0.709785 0.308841 0.707833 0.292269 0.713131 0.291159 0.715083 0.307731
0 0.785955 0.494846 0.793423 0.474422 0.816128 0.489182 0.808661 0.509605
5 0.722855 0.295442 0.724648 0.289026 0.737040 0.295183 0.735247 0.301599
