8 0.435798 0.782101 0.435209 0.734885 0.449619 0.734566 0.450208 0.781781
7 0.387569 0.872839 0.387529 0.852287 0.423368 0.852161 0.423409 0.872713
8 0.446682 0.314418 0.447265 0.266854 0.462172 0.267180 0.461589 0.314743
8 0.793825 0.094287 0.797032 0.072945 0.833259 0.082623 0.830051 0.103965
13 0.439443 0.963476 0.428368 0.916160 0.442849 0.910135 0.453923 0.957451
8 0.459029 0.107278 0.458753 0.060838 0.472742 0.060691 0.473018 0.107130
7 0.387781 0.821124 0.387708 0.802027 0.422115 0.801792 0.422188 0.820889
6 0.472720 0.639450 0.471768 0.592288 0.485353 0.591800 0.486305 0.638962
0 0.465605 0.888116 0.465751 0.864571 0.473979 0.864662 0.473832 0.888207
7 0.351742 0.064290 0.352539 0.044646 0.386279 0.047082 0.385482 0.066725
7 0.784297 0.121847 0.786414 0.101600 0.820911 0.108014 0.818794 0.128261
0 0.652798 0.157617 0.651245 0.130613 0.661785 0.129535 0.663338 0.156540
0 0.659002 0.931734 0.656761 0.889261 0.673289 0.887710 0.675531 0.930183
5 0.456533 0.645173 0.455579 0.626923 0.461696 0.626354 0.462651 0.644604
5 0.460226 0.387381 0.460103 0.367547 0.466207 0.367480 0.466329 0.387314
0 0.455392 0.525233 0.454239 0.502629 0.462838 0.501850 0.463990 0.524454
6 0.481647 0.936449 0.481594 0.883020 0.495437 0.882996 0.495490 0.936424
0 0.398069 0.657596 0.404077 0.626852 0.418858 0.631987 0.412850 0.662731
5 0.465264 0.807058 0.466587 0.783775 0.474840 0.784608 0.473517 0.807892
5 0.409845 0.388534 0.410622 0.381607 0.424530 0.384382 0.423753 0.391309
4 0.365371 0.816938 0.368763 0.758345 0.386256 0.760145 0.382865 0.818738
5 0.422986 0.260729 0.420972 0.253973 0.434306 0.246910 0.436319 0.253666
5 0.572181 0.791260 0.570793 0.770727 0.578080 0.769851 0.579467 0.790385
12 0.764002 0.666431 0.768232 0.618847 0.843810 0.630792 0.839580 0.678375
5 0.413196 0.407493 0.413270 0.399893 0.427950 0.400146 0.427876 0.407746
8 0.415500 0.794509 0.417292 0.750346 0.430854 0.751324 0.429062 0.795487
5 0.615198 0.173107 0.618886 0.166353 0.630636 0.177761 0.626947 0.184515
5 0.546521 0.379299 0.545987 0.354309 0.553219 0.354034 0.553753 0.379024
5 0.421681 0.515805 0.420077 0.509363 0.433006 0.503640 0.434610 0.510081
2 0.459920 0.226556 0.458659 0.175803 0.472762 0.175180 0.474023 0.225933
5 0.426824 0.235580 0.428943 0.229319 0.441405 0.236816 0.439286 0.243077
5 0.420206 0.445670 0.419318 0.438739 0.433179 0.435580 0.434068 0.442511
7 0.424134 0.497517 0.422672 0.451899 0.436803 0.451094 0.438265 0.496712
2 0.606462 0.965533 0.594423 0.922742 0.607079 0.916412 0.619118 0.959203
5 0.649287 0.187884 0.646092 0.165278 0.653838 0.163332 0.657033 0.185937
13 0.435425 0.722065 0.435865 0.670767 0.450512 0.670990 0.450073 0.722289
5 0.414629 0.419969 0.414418 0.412672 0.427949 0.411976 0.428160 0.419273
5 0.516036 0.204566 0.511708 0.185385 0.517818 0.182934 0.522146 0.202115
2 0.451764 0.999902 0.452449 0.967645 0.465944 0.968154 0.465260 1.000000
0 0.667414 0.990251 0.666152 0.969050 0.675294 0.968082 0.676557 0.989283
