8 0.712647 0.879830 0.697118 0.827342 0.713395 0.818781 0.728923 0.871269
8 0.679738 0.840894 0.663884 0.788065 0.679116 0.779939 0.694970 0.832768
7 0.488721 0.196761 0.499788 0.179627 0.530029 0.214350 0.518962 0.231485
8 0.691701 0.619667 0.681245 0.603007 0.710903 0.569917 0.721359 0.586576
0 0.622824 0.574628 0.621348 0.562746 0.642801 0.558010 0.644277 0.569893
8 0.609917 0.686427 0.595011 0.634641 0.610396 0.626768 0.625302 0.678554
0 0.735870 0.995634 0.726628 0.966987 0.736526 0.961310 0.745768 0.989957
0 0.498677 0.355010 0.484983 0.331657 0.493510 0.322768 0.507204 0.346121
5 0.574791 0.543382 0.568676 0.519979 0.576511 0.516340 0.582626 0.539743
0 0.624679 0.716399 0.617852 0.688712 0.627925 0.684296 0.634752 0.711983
0 0.644323 0.683551 0.628266 0.639280 0.642135 0.630338 0.658192 0.674608
12 0.666330 0.753231 0.643016 0.692105 0.658670 0.681491 0.681984 0.742617
5 0.474674 0.334603 0.466943 0.317177 0.472721 0.312619 0.480453 0.330046
6 0.713786 0.987563 0.695456 0.936034 0.708610 0.927715 0.726940 0.979244
5 0.669307 0.668238 0.662893 0.649586 0.668193 0.646346 0.674607 0.664997
5 0.327350 0.153385 0.333366 0.144826 0.346608 0.161372 0.340593 0.169931
13 0.257454 0.032594 0.268171 0.017974 0.296712 0.055166 0.285996 0.069786
5 0.612131 0.562544 0.611238 0.554411 0.626931 0.551345 0.627825 0.559478
5 0.656968 0.512571 0.651235 0.497225 0.656574 0.493679 0.662307 0.509025
5 0.730948 0.589879 0.737169 0.572967 0.743011 0.576788 0.736789 0.593699
5 0.630938 0.762439 0.624654 0.736867 0.632604 0.733394 0.638888 0.758966
5 0.719495 0.565541 0.728403 0.552878 0.733109 0.558765 0.724202 0.571427
5 0.666989 0.696953 0.659157 0.673239 0.666344 0.669019 0.674176 0.692733
5 0.612627 0.738392 0.613339 0.711217 0.621748 0.711608 0.621036 0.738783
5 0.655432 0.587782 0.648896 0.568704 0.654985 0.564996 0.661520 0.584074
0 0.631032 0.627694 0.622634 0.594323 0.634593 0.588973 0.642991 0.622344
5 0.309609 0.093981 0.297542 0.078667 0.302371 0.071904 0.314437 0.087218
1 0.690168 0.663542 0.674986 0.638914 0.684832 0.628125 0.700014 0.652752
5 0.672430 0.562566 0.671954 0.541851 0.678091 0.541600 0.678567 0.562315
0 0.598097 0.613933 0.587184 0.591917 0.594612 0.585373 0.605524 0.607388
5 0.611947 0.629601 0.603329 0.612379 0.608366 0.607899 0.616983 0.625121
5 0.684930 0.779011 0.676032 0.754930 0.683299 0.750156 0.692197 0.774237
5 0.647148 0.750422 0.643681 0.729863 0.649727 0.728050 0.653194 0.748609
5 0.622686 0.661498 0.614904 0.637376 0.622626 0.632947 0.630409 0.657068
0 0.661326 0.784290 0.659933 0.753356 0.670445 0.752515 0.671837 0.783449
0 0.670293 1.000000 0.662536 0.981120 0.672415 0.975442 0.680173 0.999436
5 0.654002 0.787472 0.650242 0.767934 0.655893 0.766000 0.659654 0.785538
0 0.589452 0.699516 0.582105 0.673384 0.591798 0.668539 0.599145 0.694672
5 0.623889 0.441126 0.616599 0.424966 0.621944 0.420679 0.629234 0.436840
5 0.415181 0.227402 0.419945 0.219146 0.434819 0.234403 0.430055 0.242659
5 0.645225 0.428094 0.637291 0.408996 0.643317 0.404545 0.651251 0.423643
0 0.715633 0.934192 0.700075 0.894201 0.713013 0.885252 0.728571 0.925244
5 0.606658 0.707283 0.600675 0.680766 0.608967 0.677440 0.614950 0.703957
5 0.624772 0.851183 0.625116 0.826361 0.634603 0.826595 0.634259 0.851417
3 0.208946 0.350224 0.252619 0.271072 0.271262 0.289359 0.227589 0.368511
3 0.740077 0.619343 0.785508 0.515794 0.803673 0.529962 0.758242 0.633512
6 0.708827 0.742859 0.691472 0.687849 0.707840 0.678669 0.725195 0.733679
0 0.611948 0.857416 0.605713 0.831048 0.614615 0.827306 0.620850 0.853674
0 0.535599 0.961446 0.513602 0.914468 0.526380 0.903832 0.548377 0.950810
5 0.647986 0.785093 0.638112 0.771410 0.642639 0.765602 0.652513 0.779285
7 0.471097 0.223826 0.480654 0.208583 0.507028 0.237979 0.497471 0.253222
5 0.678299 0.860616 0.663833 0.836750 0.671701 0.828273 0.686167 0.852139
12 0.671645 0.339129 0.715556 0.264469 0.736689 0.286566 0.692777 0.361225
0 0.765786 0.882470 0.756840 0.855878 0.767547 0.849474 0.776493 0.876067
11 0.423542 0.798401 0.393725 0.753138 0.458489 0.677294 0.488306 0.722557
0 0.767880 0.788701 0.759250 0.765825 0.770140 0.758521 0.778771 0.781397
0 0.602970 0.600917 0.606953 0.591194 0.622551 0.602556 0.618567 0.612278
1 0.689639 0.584719 0.678894 0.555586 0.689527 0.548614 0.700272 0.577747
0 0.641971 0.727262 0.632456 0.700614 0.641362 0.694961 0.650877 0.721609
0 0.366480 0.169110 0.350919 0.148272 0.358520 0.138182 0.374081 0.159020
5 0.750092 0.715859 0.742384 0.696327 0.748866 0.691780 0.756574 0.711311
12 0.456280 0.598704 0.448718 0.583478 0.479657 0.556157 0.487220 0.571383
0 0.661925 0.576428 0.653534 0.549070 0.664637 0.543016 0.673028 0.570374
3 0.304823 0.491909 0.352882 0.416386 0.394657 0.463646 0.346597 0.539169
3 0.273460 0.787904 0.305591 0.749604 0.357269 0.826679 0.325139 0.864979
0 0.792177 0.865276 0.779514 0.837877 0.790115 0.829168 0.802777 0.856567
5 0.614322 0.782062 0.608698 0.758236 0.615366 0.755438 0.620990 0.779264
12 0.707897 0.093625 0.716121 0.075809 0.752520 0.105681 0.744295 0.123497
0 0.649781 0.545924 0.639428 0.518179 0.650219 0.511020 0.660572 0.538766
6 0.546263 0.424989 0.526569 0.387053 0.538112 0.376400 0.557806 0.414336
