8 0.518906 0.617372 0.525821 0.604012 0.550885 0.627072 0.543971 0.640433
8 0.860687 0.736236 0.868341 0.722164 0.895563 0.748486 0.887909 0.762558
7 0.390062 0.537897 0.397719 0.524436 0.421917 0.548909 0.414260 0.562369
7 0.584522 0.691402 0.592173 0.678249 0.615478 0.702348 0.607827 0.715501
7 0.461222 0.348754 0.467929 0.336074 0.490341 0.357149 0.483634 0.369829
12 0.027890 0.744129 0.031084 0.699366 0.115209 0.710037 0.112015 0.754800
8 0.550971 0.806350 0.554304 0.790028 0.583404 0.800594 0.580071 0.816916
7 0.392339 0.512084 0.399870 0.499831 0.423286 0.525416 0.415755 0.537669
1 0.081059 0.202725 0.085559 0.192319 0.101493 0.204566 0.096993 0.214973
8 0.762898 0.938739 0.770327 0.924309 0.798560 0.950150 0.791131 0.964579
5 0.392020 0.717518 0.395758 0.701910 0.400688 0.704009 0.396950 0.719618
5 0.370722 0.738075 0.378206 0.725011 0.382403 0.729286 0.374919 0.742350
5 0.260839 0.452511 0.265107 0.444939 0.276661 0.456517 0.272392 0.464089
5 0.375347 0.531357 0.367372 0.518749 0.371788 0.513782 0.379764 0.526390
7 0.154673 0.257796 0.162826 0.244399 0.186473 0.269982 0.178320 0.283379
7 0.147724 0.282770 0.154594 0.270816 0.176234 0.292924 0.169364 0.304879
5 0.555599 0.568700 0.559255 0.561774 0.570442 0.572272 0.566786 0.579198
5 0.753354 0.909138 0.758270 0.901587 0.770604 0.915862 0.765689 0.923413
5 0.411339 0.320276 0.415208 0.312776 0.428766 0.325210 0.424896 0.332710
5 0.776261 0.966540 0.764546 0.953930 0.768531 0.947349 0.780245 0.959959
5 0.171274 0.359157 0.174454 0.351819 0.186799 0.361330 0.183619 0.368667
5 0.512967 0.644744 0.503911 0.633430 0.507606 0.628172 0.516662 0.639487
7 0.288571 0.869687 0.279815 0.860310 0.297888 0.830313 0.306643 0.839690
8 0.700203 0.863958 0.705527 0.854349 0.722193 0.870764 0.716869 0.880373
5 0.685498 0.869366 0.675610 0.856033 0.680127 0.850079 0.690015 0.863411
1 0.542369 0.668042 0.547072 0.656916 0.562839 0.668764 0.558137 0.679890
5 0.661946 0.885272 0.664782 0.876587 0.680242 0.885562 0.677406 0.894247
5 0.861531 0.949232 0.850095 0.937202 0.853573 0.931324 0.865009 0.943354
12 0.004786 0.136850 0.011877 0.123375 0.036392 0.146310 0.029302 0.159784
5 0.261891 0.921690 0.273140 0.905932 0.278734 0.913032 0.267485 0.928790
12 0.242093 0.916800 0.272152 0.865384 0.283949 0.877645 0.253890 0.929061
7 0.750675 0.991382 0.760031 0.978998 0.774846 0.998896 0.765490 1.000000
5 0.806991 0.971474 0.812297 0.963111 0.828426 0.981304 0.823120 0.989667
5 0.771086 0.911843 0.776170 0.903440 0.790372 0.918712 0.785288 0.927116
0 0.410370 0.959583 0.419057 0.943161 0.426479 0.950140 0.417792 0.966562
5 0.287684 0.477195 0.290656 0.471565 0.300858 0.481138 0.297886 0.486769
