3 0.743918 0.415550 0.764046 0.279456 0.810770 0.291741 0.790641 0.427836
0 0.591196 0.568868 0.592952 0.546006 0.600991 0.547104 0.599235 0.569966
6 0.596406 0.396579 0.595666 0.370187 0.604636 0.369740 0.605376 0.396132
0 0.613078 0.409148 0.612916 0.384713 0.622339 0.384602 0.622501 0.409037
5 0.546009 0.477653 0.544510 0.461413 0.549825 0.460541 0.551323 0.476781
5 0.515006 0.431875 0.513847 0.416032 0.519108 0.415348 0.520267 0.431190
0 0.755397 0.893088 0.754141 0.861926 0.765957 0.861079 0.767213 0.892241
0 0.478691 0.852077 0.478544 0.824408 0.488757 0.824312 0.488904 0.851981
6 0.515796 0.765276 0.517279 0.728937 0.530037 0.729862 0.528554 0.766202
5 0.597011 0.665958 0.596312 0.648329 0.601947 0.647931 0.602647 0.665560
5 0.527861 0.595092 0.528717 0.580107 0.533598 0.580603 0.532741 0.595588
5 0.572439 0.791071 0.566437 0.771954 0.572352 0.768652 0.578355 0.787769
7 0.595320 0.795986 0.594770 0.750159 0.609368 0.749847 0.609917 0.795675
5 0.616492 0.775014 0.617409 0.757782 0.623091 0.758320 0.622175 0.775551
5 0.540623 0.341090 0.540968 0.327100 0.545836 0.327313 0.545491 0.341303
0 0.524826 0.382656 0.525266 0.357989 0.535590 0.358316 0.535151 0.382984
12 0.587793 0.714821 0.586903 0.673215 0.601009 0.672679 0.601899 0.714285
12 0.629562 0.835498 0.615564 0.790424 0.629813 0.782558 0.643811 0.827631
5 0.548501 0.628020 0.548795 0.608601 0.555666 0.608786 0.555372 0.628205
7 0.581976 0.484295 0.581956 0.455302 0.592503 0.455289 0.592523 0.484282
0 0.577633 0.843053 0.567914 0.818190 0.578096 0.811113 0.587816 0.835977
5 0.629237 0.872779 0.620568 0.857769 0.625971 0.852221 0.634641 0.867231
5 0.522063 0.676618 0.520948 0.656664 0.527416 0.656021 0.528531 0.675975
5 0.547249 0.709069 0.542740 0.690418 0.549626 0.687459 0.554135 0.706110
3 0.314608 0.514313 0.295131 0.410390 0.309871 0.405479 0.329348 0.509401
0 0.602970 0.653283 0.603511 0.626253 0.612655 0.626578 0.612114 0.653608
6 0.612339 0.349011 0.611770 0.324283 0.620994 0.323906 0.621563 0.348634
0 0.672767 0.949437 0.655453 0.923153 0.665254 0.911674 0.682568 0.937958
0 0.534330 0.788702 0.531679 0.766455 0.539628 0.764771 0.542279 0.787017
5 0.520959 0.649507 0.521341 0.631502 0.527739 0.631743 0.527357 0.649748
0 0.559598 0.713375 0.557754 0.680872 0.569569 0.679681 0.571413 0.712183
0 0.670394 0.302383 0.668756 0.281108 0.677523 0.279908 0.679161 0.301183
0 0.555270 0.377052 0.555265 0.358715 0.562178 0.358712 0.562183 0.377049
1 0.482956 0.914071 0.482872 0.884600 0.494648 0.884540 0.494732 0.914011
11 0.894035 0.818016 0.894623 0.801281 0.941382 0.804206 0.940793 0.820941
2 0.089944 0.505605 0.089874 0.483567 0.140395 0.483284 0.140464 0.505322
12 0.692380 0.854287 0.701940 0.828464 0.711266 0.834602 0.701706 0.860425
0 0.616869 0.468521 0.616644 0.441352 0.626881 0.441202 0.627106 0.468370
