2 0.612209 0.586995 0.626219 0.533707 0.639874 0.540089 0.625864 0.593377
7 0.187145 0.311618 0.162954 0.276241 0.173532 0.263382 0.197723 0.298759
7 0.160045 0.204529 0.166997 0.165667 0.182924 0.170732 0.175972 0.209594
8 0.306401 0.346537 0.315220 0.332665 0.340995 0.361796 0.332176 0.375668
7 0.329400 0.074728 0.337482 0.061787 0.358620 0.085254 0.350539 0.098196
3 0.788423 0.342069 0.781799 0.270652 0.812619 0.265570 0.819243 0.336987
0 0.591710 0.920450 0.593920 0.894663 0.604123 0.896217 0.601914 0.922004
8 0.131314 0.066751 0.137974 0.052403 0.164519 0.074308 0.157859 0.088656
8 0.427251 0.550541 0.405905 0.517458 0.414936 0.507098 0.436283 0.540181
8 0.941217 0.741529 0.950122 0.725749 0.982741 0.758471 0.973836 0.774251
7 0.864465 0.662152 0.873367 0.646847 0.904285 0.678820 0.895383 0.694125
5 0.626730 0.693010 0.628315 0.674904 0.633687 0.675740 0.632101 0.693846
5 0.161961 0.129640 0.166721 0.121332 0.181789 0.136680 0.177029 0.144987
12 0.454686 0.421538 0.467156 0.405081 0.497658 0.446170 0.485188 0.462627
5 0.346878 0.340561 0.349989 0.334637 0.360935 0.344856 0.357824 0.350780
5 0.264339 0.397453 0.267116 0.391298 0.279411 0.401158 0.276634 0.407313
12 0.124588 0.419489 0.137815 0.397247 0.156141 0.416622 0.142914 0.438864
0 0.583235 0.558412 0.572875 0.541674 0.579265 0.534643 0.589625 0.551381
5 0.300221 0.450845 0.288175 0.435883 0.292488 0.429710 0.304534 0.444673
5 0.652412 0.387123 0.657405 0.378582 0.671025 0.392738 0.666032 0.401279
7 0.950459 0.724704 0.959121 0.707079 0.997457 0.740574 0.988795 0.758199
8 0.200190 0.352705 0.208045 0.338629 0.232882 0.363267 0.225028 0.377344
13 0.333982 0.375834 0.341240 0.363154 0.368101 0.390485 0.360843 0.403165
7 0.434190 0.368061 0.442471 0.355088 0.469195 0.385411 0.460914 0.398384
5 0.586850 0.310882 0.574926 0.297486 0.579556 0.290159 0.591480 0.303556
7 0.895380 0.117931 0.895058 0.095518 0.938995 0.094395 0.939317 0.116808
2 0.629310 0.528846 0.640022 0.474574 0.654023 0.479487 0.643311 0.533759
8 0.410390 0.360075 0.431519 0.324474 0.442214 0.335759 0.421085 0.371360
7 0.869984 0.482719 0.865965 0.463644 0.891474 0.454087 0.895494 0.473162
11 0.680672 0.330503 0.677754 0.272473 0.718807 0.268803 0.721726 0.326832
0 0.715916 0.456889 0.723622 0.444561 0.741376 0.464291 0.733670 0.476619
0 0.853395 0.125398 0.851269 0.102614 0.890355 0.096130 0.892481 0.118914
0 0.730631 0.526157 0.733885 0.514794 0.751660 0.523843 0.748406 0.535206
11 0.635940 0.254010 0.633975 0.198603 0.686456 0.195295 0.688420 0.250702
5 0.632324 0.633180 0.634232 0.617192 0.639030 0.618209 0.637123 0.634197
6 0.622832 0.895935 0.625956 0.871571 0.634459 0.873509 0.631335 0.897873
12 0.393899 0.342675 0.383729 0.329931 0.396726 0.311492 0.406896 0.324236
7 0.638919 0.281774 0.656612 0.261579 0.678268 0.295309 0.660575 0.315504
5 0.151760 0.162241 0.155458 0.138263 0.164385 0.140710 0.160688 0.164688
8 0.822021 0.510365 0.848388 0.471234 0.860271 0.485468 0.833904 0.524600
