8 0.562112 0.246214 0.569640 0.232302 0.594138 0.255869 0.586610 0.269781
8 0.725366 0.677047 0.733451 0.663163 0.759009 0.689619 0.750924 0.703504
8 0.276807 0.255332 0.279251 0.239674 0.306005 0.247098 0.303561 0.262757
8 0.308433 0.240427 0.316987 0.228363 0.338442 0.255407 0.329888 0.267471
7 0.346766 0.311961 0.354132 0.299297 0.376151 0.322066 0.368784 0.334731
8 0.083381 0.018693 0.090954 0.005817 0.112842 0.028703 0.105269 0.041579
7 0.863341 0.562759 0.855932 0.547684 0.884576 0.522658 0.891984 0.537733
8 0.742034 0.351208 0.748957 0.337123 0.774632 0.359555 0.767710 0.373641
7 0.378334 0.058356 0.385838 0.046469 0.407604 0.070898 0.400099 0.082785
7 0.831217 0.825556 0.837274 0.815690 0.854200 0.834167 0.848143 0.844032
5 0.624027 0.652880 0.628623 0.645614 0.641077 0.659620 0.636481 0.666886
2 0.329621 0.228675 0.320500 0.191097 0.331317 0.186430 0.340437 0.224007
7 0.346296 0.735996 0.355110 0.722953 0.377141 0.749421 0.368327 0.762464
5 0.466748 0.504068 0.470471 0.497361 0.481689 0.508432 0.477966 0.515139
5 0.491508 0.422353 0.482664 0.407525 0.487919 0.401953 0.496763 0.416781
5 0.871043 0.878662 0.875809 0.870907 0.891457 0.888005 0.886691 0.895760
8 0.372558 0.765840 0.380769 0.752731 0.404005 0.778605 0.395794 0.791713
5 0.608283 0.544607 0.613172 0.537423 0.624008 0.550532 0.619120 0.557716
5 0.967833 0.752309 0.972191 0.744086 0.986334 0.757413 0.981975 0.765636
1 0.574158 0.581213 0.579536 0.571740 0.593811 0.586148 0.588433 0.595621
5 0.702675 0.635584 0.706898 0.628582 0.720241 0.642889 0.716019 0.649890
8 0.268178 0.108369 0.249173 0.080053 0.258385 0.069061 0.277390 0.097378
5 0.714645 0.741924 0.719091 0.734647 0.731709 0.748354 0.727264 0.755630
5 0.554104 0.477145 0.558803 0.469597 0.571157 0.483272 0.566458 0.490819
5 0.516004 0.443344 0.520714 0.436073 0.531652 0.448669 0.526942 0.455941
5 0.550758 0.479440 0.541651 0.468849 0.545075 0.463615 0.554182 0.474207
7 0.146656 0.080803 0.154770 0.069470 0.175219 0.095499 0.167105 0.106832
5 0.522547 0.537752 0.527301 0.530040 0.540214 0.544192 0.535460 0.551904
5 0.668968 0.810567 0.669209 0.796226 0.674261 0.796377 0.674020 0.810718
5 0.208494 0.200635 0.212444 0.193899 0.223016 0.204920 0.219066 0.211656
12 0.286602 0.446766 0.301474 0.419140 0.326940 0.443512 0.312068 0.471138
5 0.457222 0.478365 0.461501 0.470736 0.474940 0.484135 0.470661 0.491764
5 0.527115 0.152905 0.517958 0.142012 0.521062 0.137372 0.530219 0.148266
5 0.622756 0.573067 0.613435 0.561913 0.617349 0.556099 0.626669 0.567253
5 0.690135 0.780847 0.693072 0.773258 0.708302 0.783736 0.705366 0.791325
3 0.167048 0.885609 0.198396 0.845354 0.294410 0.978280 0.263062 1.000000
3 0.798023 0.834086 0.808988 0.817538 0.866560 0.885359 0.855595 0.901906
11 0.335163 0.872506 0.359638 0.836360 0.497650 1.000000 0.473175 1.000000
5 0.000000 0.611434 0.000467 0.601986 0.014912 0.605233 0.013717 0.614680
5 0.113977 0.064799 0.117608 0.059160 0.129513 0.072788 0.125881 0.078427
7 0.533664 0.216122 0.541586 0.201909 0.568940 0.229017 0.561018 0.243230
5 0.232650 0.233159 0.237340 0.225505 0.250423 0.239757 0.245732 0.247412
5 0.273203 0.080268 0.266818 0.059578 0.273151 0.056103 0.279536 0.076794
5 0.346538 0.343141 0.347510 0.333834 0.364920 0.337068 0.363948 0.346375
8 0.958739 0.931180 0.966521 0.918068 0.997511 0.950765 0.989729 0.963877
12 0.000000 0.007830 0.001118 0.000000 0.017249 0.009531 0.010862 0.022241
5 0.452331 0.309277 0.456768 0.301809 0.469284 0.315028 0.464847 0.322496
5 0.208753 0.117794 0.199520 0.107875 0.202966 0.102172 0.212199 0.112090
