8 0.015521 0.389192 0.015700 0.371279 0.051602 0.371919 0.051422 0.389832
7 0.445505 0.338769 0.452377 0.294747 0.466734 0.298731 0.459862 0.342753
0 0.542876 0.576126 0.542333 0.552743 0.551915 0.552347 0.552459 0.575730
8 0.095397 0.393935 0.095423 0.375771 0.128952 0.375857 0.128926 0.394021
0 0.425390 0.263794 0.424008 0.238514 0.433464 0.237595 0.434846 0.262875
6 0.621840 0.265859 0.621772 0.214904 0.635973 0.214870 0.636041 0.265825
0 0.532567 0.770042 0.530181 0.731152 0.541131 0.729958 0.543517 0.768848
5 0.469798 0.600268 0.469212 0.580622 0.475514 0.580288 0.476100 0.599934
0 0.443575 0.128303 0.441793 0.102064 0.451738 0.100864 0.453519 0.127102
7 0.558193 0.225829 0.556986 0.208129 0.590765 0.204032 0.591973 0.221733
5 0.445631 0.661619 0.446029 0.636799 0.452807 0.636992 0.452408 0.661813
12 0.368198 0.403502 0.367305 0.356729 0.382323 0.356220 0.383216 0.402993
7 0.000000 0.277903 0.000000 0.257570 0.035172 0.257166 0.035302 0.277500
7 0.036902 0.278460 0.036829 0.257909 0.077421 0.257651 0.077494 0.278202
8 0.264260 0.401343 0.266164 0.352451 0.281573 0.353518 0.279669 0.402410
13 0.408676 0.616256 0.408415 0.588806 0.420361 0.588605 0.420621 0.616055
3 0.969553 0.409853 0.978311 0.195587 1.000000 0.197786 0.999814 0.412052
3 0.886166 0.401305 0.889623 0.076685 0.970084 0.078209 0.966627 0.402829
0 0.587197 0.676854 0.590763 0.655981 0.599262 0.658562 0.595695 0.679436
12 0.723678 0.709560 0.759267 0.656272 0.790385 0.693218 0.754795 0.746506
0 0.412491 0.247578 0.412967 0.220155 0.423446 0.220478 0.422970 0.247901
0 0.230612 0.221248 0.228000 0.178661 0.243086 0.177015 0.245698 0.219603
