0 0.435053 0.232479 0.432996 0.197778 0.448281 0.196167 0.450337 0.230868
5 0.418327 0.126017 0.414141 0.105383 0.421777 0.102629 0.425963 0.123263
5 0.187274 0.302674 0.189488 0.292809 0.210382 0.301146 0.208168 0.311011
9 0.834632 0.845934 0.871429 0.739894 0.910160 0.763788 0.873363 0.869828
7 0.611887 0.508784 0.618333 0.491077 0.646446 0.509272 0.640000 0.526979
0 0.674346 0.665131 0.662294 0.633473 0.673570 0.625841 0.685623 0.657499
5 0.021581 0.247249 0.025424 0.236952 0.045053 0.249973 0.041210 0.260270
0 0.870596 0.684919 0.874105 0.669420 0.901279 0.680359 0.897770 0.695857
2 0.827647 0.257430 0.813753 0.154306 1.000000 0.109584 1.000000 0.212708
12 0.768669 0.661204 0.772907 0.644777 0.805289 0.659629 0.801051 0.676056
12 0.399225 0.033066 0.395287 0.000588 0.407546 0.000000 0.411484 0.030423
5 0.940034 0.767535 0.942048 0.758282 0.957883 0.764409 0.955868 0.773663
5 0.637346 0.837523 0.634580 0.828933 0.651196 0.819422 0.653962 0.828011
5 0.150953 0.323251 0.156135 0.305075 0.162589 0.308347 0.157407 0.326522
0 0.463039 0.445608 0.468613 0.429188 0.491388 0.442934 0.485814 0.459353
