12 0.422446 0.990887 0.423763 0.949648 0.443699 0.950780 0.442383 0.992018
8 0.262618 0.131369 0.264062 0.082231 0.279569 0.083041 0.278126 0.132179
7 0.338460 0.954080 0.338236 0.931231 0.371957 0.930642 0.372181 0.953492
7 0.426179 0.364801 0.431347 0.320322 0.446217 0.323394 0.441049 0.367872
3 0.214626 1.000000 0.211689 0.836600 0.254645 0.835235 0.257582 0.999511
5 0.544868 0.379040 0.544530 0.360035 0.550445 0.359848 0.550783 0.378853
7 0.237898 0.838086 0.237629 0.816984 0.277467 0.816081 0.277736 0.837183
7 0.341272 0.977571 0.341071 0.956305 0.373344 0.955762 0.373545 0.977028
0 0.453834 0.413302 0.453963 0.387651 0.463875 0.387740 0.463745 0.413390
7 0.343719 1.000000 0.343541 0.984828 0.374348 0.984206 0.374526 0.999894
5 0.440464 0.861648 0.439903 0.840046 0.446516 0.839741 0.447076 0.861343
5 0.337028 0.754182 0.338036 0.736950 0.343180 0.737484 0.342172 0.754717
12 0.366628 0.133157 0.366000 0.085942 0.380768 0.085593 0.381396 0.132808
0 0.443927 0.296960 0.441369 0.273158 0.450343 0.271443 0.452902 0.295245
0 0.406273 0.347513 0.405806 0.315314 0.418467 0.314987 0.418933 0.347186
1 0.221316 0.029019 0.227426 0.018462 0.244049 0.035564 0.237938 0.046122
5 0.330963 0.753839 0.331008 0.736413 0.336745 0.736439 0.336701 0.753865
5 0.564791 0.784209 0.564330 0.767423 0.569324 0.767180 0.569784 0.783966
