8 0.461603 0.249264 0.462772 0.209255 0.475897 0.209937 0.474728 0.249946
7 0.596896 0.738492 0.596505 0.696460 0.610395 0.696230 0.610787 0.738262
5 0.483359 0.298677 0.485399 0.274829 0.492943 0.275976 0.490903 0.299823
13 0.604196 0.530455 0.605054 0.487806 0.618721 0.488295 0.617863 0.530944
5 0.580574 0.491019 0.582008 0.472705 0.588176 0.473564 0.586742 0.491878
0 0.622050 0.134173 0.623421 0.091852 0.635763 0.092563 0.634391 0.134884
6 0.595959 0.620486 0.597131 0.573377 0.610291 0.573958 0.609119 0.621068
7 0.614164 0.252789 0.614515 0.210561 0.627503 0.210753 0.627152 0.252981
0 0.472840 0.747855 0.472154 0.722047 0.481848 0.721589 0.482534 0.747397
0 0.460828 0.918777 0.464224 0.892934 0.473547 0.895112 0.470151 0.920955
5 0.580382 0.618064 0.580564 0.596407 0.588107 0.596519 0.587926 0.618176
5 0.473167 0.874584 0.474028 0.851262 0.482302 0.851805 0.481441 0.875127
5 0.619588 0.369467 0.618234 0.348341 0.625203 0.347547 0.626558 0.368672
5 0.595462 0.812477 0.592466 0.794836 0.598288 0.793078 0.601284 0.810720
7 0.614433 0.297494 0.617285 0.255108 0.630359 0.256672 0.627507 0.299058
5 0.716209 0.553237 0.725290 0.532815 0.733270 0.539124 0.724189 0.559546
5 0.491387 0.319289 0.492764 0.296794 0.501321 0.297725 0.499944 0.320220
3 0.766996 0.042914 0.786650 0.000000 0.830400 0.035298 0.810746 0.078389
5 0.587590 0.370800 0.588106 0.348664 0.596004 0.348992 0.595488 0.371127
5 0.600128 0.772040 0.600267 0.754268 0.606122 0.754349 0.605983 0.772121
12 0.834098 0.087054 0.849914 0.051723 0.875797 0.072321 0.859982 0.107652
1 0.465538 0.451829 0.460845 0.427087 0.470400 0.423866 0.475092 0.448608
6 0.297647 0.643699 0.299824 0.615376 0.309644 0.616717 0.307467 0.645041
5 0.575940 0.753596 0.575543 0.731402 0.584216 0.731126 0.584613 0.753320
