12 0.466741 0.165021 0.443828 0.110995 0.460603 0.098347 0.483516 0.152373
7 0.527401 0.083932 0.512000 0.038058 0.527026 0.029089 0.542428 0.074963
8 0.511534 0.119519 0.491600 0.075233 0.505654 0.063988 0.525587 0.108274
0 0.017830 0.329865 0.003067 0.287323 0.019670 0.277080 0.034433 0.319622
0 0.663245 0.475898 0.653000 0.446877 0.663838 0.440075 0.674083 0.469095
5 0.438771 0.110208 0.430077 0.088058 0.437791 0.082674 0.446486 0.104824
5 0.798447 0.817155 0.787397 0.793607 0.795303 0.787011 0.806353 0.810560
6 0.160241 0.290590 0.148007 0.258860 0.198873 0.223994 0.211107 0.255724
5 0.729279 0.788758 0.722482 0.769542 0.729055 0.765409 0.735852 0.784625
5 0.608351 0.504506 0.602966 0.483877 0.609357 0.480911 0.614742 0.501540
5 0.541496 0.322136 0.532408 0.299405 0.539754 0.294183 0.548842 0.316915
5 0.629645 0.335494 0.622483 0.317039 0.628167 0.313117 0.635330 0.331572
5 0.637861 0.377508 0.627575 0.355421 0.635056 0.349228 0.645341 0.371315
0 0.436675 0.029276 0.427963 0.000265 0.443012 0.000000 0.451724 0.021241
0 0.480623 0.060475 0.466810 0.021173 0.480575 0.012572 0.494388 0.051874
5 0.410938 0.036120 0.405824 0.017447 0.411458 0.014705 0.416572 0.033377
0 0.496615 0.194420 0.488418 0.170401 0.497396 0.164955 0.505592 0.188974
5 0.426149 0.033892 0.418707 0.014739 0.424892 0.010466 0.432335 0.029619
12 0.559489 0.464053 0.536038 0.410539 0.550667 0.399142 0.574118 0.452655
5 0.853332 0.923951 0.846661 0.902618 0.854481 0.898272 0.861151 0.919604
13 0.574791 0.401049 0.556093 0.351304 0.572084 0.340618 0.590782 0.390362
10 0.355635 0.465024 0.292913 0.310509 0.335511 0.279768 0.398233 0.434282
11 0.777813 0.669339 0.663351 0.388512 0.697187 0.363994 0.811649 0.644822
0 0.567421 0.420450 0.559175 0.395937 0.567996 0.390661 0.576242 0.415175
12 0.527918 0.985837 0.461722 0.816093 0.522603 0.773885 0.588799 0.943629
5 0.664568 0.689743 0.660064 0.673407 0.665640 0.670674 0.670144 0.687010
3 0.375964 1.000000 0.328671 0.899461 0.376120 0.868580 0.423412 0.997761
5 0.415319 0.012727 0.411035 0.000592 0.416973 0.000000 0.421257 0.009000
3 0.209406 1.000000 0.160773 0.881003 0.204657 0.853461 0.253290 0.991219
