7 0.562064 0.468590 0.577295 0.427114 0.591321 0.436271 0.576090 0.477747
8 0.444912 0.724943 0.463110 0.678856 0.477483 0.688946 0.459285 0.735032
5 0.484745 0.576326 0.493545 0.553638 0.501453 0.559091 0.492653 0.581779
0 0.541493 0.428235 0.553434 0.400742 0.562674 0.407876 0.550733 0.435369
8 0.661955 0.173958 0.651787 0.157348 0.680232 0.126389 0.690401 0.143000
0 0.402636 0.774300 0.413451 0.750457 0.422364 0.757645 0.411549 0.781488
5 0.473346 0.613272 0.483310 0.590095 0.490716 0.595756 0.480752 0.618933
0 0.381568 0.669558 0.393847 0.640573 0.404370 0.648497 0.392090 0.677483
5 0.650099 0.258109 0.660937 0.240210 0.666047 0.245711 0.655209 0.263609
5 0.330659 0.723334 0.337153 0.701952 0.344341 0.705833 0.337847 0.727215
5 0.501672 0.421659 0.511294 0.404184 0.516818 0.409591 0.507195 0.427066
5 0.710256 0.223171 0.706843 0.216293 0.718911 0.205648 0.722323 0.212526
12 0.964511 0.848086 0.986019 0.755553 1.000000 0.769969 0.999397 0.862502
5 0.595170 0.410163 0.599376 0.390980 0.605351 0.393309 0.601145 0.412493
5 0.486957 0.679693 0.481514 0.659264 0.487523 0.656418 0.492965 0.676847
5 0.333839 0.765408 0.341194 0.749173 0.346370 0.753342 0.339014 0.769577
5 0.421876 0.796485 0.424181 0.789244 0.439583 0.797959 0.437278 0.805201
5 0.727449 0.168010 0.722159 0.159851 0.736613 0.143188 0.741904 0.151347
5 0.525846 0.316471 0.536115 0.293759 0.544987 0.300890 0.534719 0.323602
5 0.792548 0.114232 0.787465 0.105703 0.801202 0.091150 0.806285 0.099679
5 0.426593 0.710013 0.431807 0.693962 0.436948 0.696931 0.431735 0.712982
5 0.332095 0.742308 0.339228 0.721268 0.345509 0.725053 0.338376 0.746094
5 0.383264 0.903007 0.392448 0.882895 0.399548 0.888659 0.390365 0.908771
5 0.482579 0.689463 0.478787 0.670014 0.484087 0.668176 0.487880 0.687625
12 0.280556 0.592558 0.295618 0.563756 0.336632 0.601886 0.321570 0.630689
5 0.582317 0.226768 0.595470 0.206703 0.603099 0.215593 0.589946 0.235658
5 0.733987 0.181919 0.728152 0.173714 0.741534 0.156797 0.747369 0.165001
2 0.869305 0.953658 0.896946 0.866701 0.922362 0.881064 0.894721 0.968021
5 0.582489 0.180542 0.592629 0.165209 0.597720 0.171194 0.587579 0.186527
5 0.716188 0.062963 0.724377 0.043958 0.731208 0.049190 0.723019 0.068195
5 0.434014 0.773431 0.441603 0.759217 0.446715 0.764069 0.439126 0.778283
5 0.361266 0.857609 0.365831 0.837141 0.372068 0.839614 0.367502 0.860082
3 0.950027 0.349589 0.999059 0.114950 1.000000 0.132703 0.997816 0.367342
2 0.202839 0.094663 0.247061 0.000000 0.282578 0.015667 0.238355 0.121137
5 0.635036 0.640347 0.636576 0.633770 0.650380 0.639514 0.648841 0.646091
10 0.059232 0.814253 0.014020 0.747285 0.032891 0.724636 0.078103 0.791604
0 0.255932 0.164610 0.263256 0.151670 0.284172 0.172717 0.276848 0.185656
5 0.428821 0.785546 0.431147 0.779381 0.444095 0.788065 0.441769 0.794230
12 0.537176 0.582939 0.550778 0.537932 0.602408 0.565672 0.588806 0.610679
5 0.404997 0.573096 0.409345 0.552273 0.415836 0.554682 0.411489 0.575505
12 0.826197 0.846394 0.833846 0.819208 0.891511 0.848050 0.883862 0.875237
5 0.778253 0.137774 0.773178 0.127759 0.789455 0.113094 0.794531 0.123109
5 0.345073 0.718935 0.355382 0.694821 0.363781 0.701204 0.353472 0.725318
1 0.557324 0.427394 0.569353 0.401107 0.579135 0.409064 0.567105 0.435352
5 0.380733 0.823669 0.390178 0.798012 0.398433 0.803415 0.388988 0.829071
5 0.894951 0.009860 0.891087 0.002914 0.901924 0.000000 0.905788 0.000000
0 0.377679 0.855696 0.386705 0.833068 0.394716 0.838748 0.385691 0.861377
5 0.843182 0.070816 0.853026 0.056206 0.857860 0.061997 0.848016 0.076606
5 0.680315 0.261049 0.694120 0.239441 0.700414 0.246590 0.686609 0.268198
