7 0.702671 0.228287 0.702475 0.207346 0.736392 0.206783 0.736587 0.227723
6 0.778461 0.434437 0.775950 0.382200 0.791851 0.380841 0.794363 0.433077
7 0.172724 0.191816 0.178776 0.146126 0.196807 0.150371 0.190755 0.196062
7 0.808854 0.377804 0.808002 0.359437 0.838542 0.356918 0.839394 0.375286
6 0.802671 0.309977 0.802668 0.290728 0.841600 0.290717 0.841603 0.309966
1 0.531691 0.759806 0.531509 0.731986 0.542267 0.731861 0.542449 0.759681
7 0.038520 0.032170 0.037695 0.008324 0.078211 0.005829 0.079037 0.029675
7 0.744373 0.218117 0.744109 0.198003 0.780106 0.197161 0.780370 0.217275
7 0.702757 0.315331 0.701613 0.295881 0.735785 0.292308 0.736929 0.311758
7 0.257705 0.359348 0.254761 0.308283 0.270941 0.306625 0.273885 0.357689
0 0.434605 0.684553 0.433986 0.658872 0.442608 0.658502 0.443227 0.684184
13 0.731828 0.286393 0.734019 0.264867 0.775985 0.272461 0.773794 0.293987
7 0.806786 0.357875 0.806085 0.338703 0.844256 0.336222 0.844957 0.355394
2 0.286327 0.240543 0.282830 0.179392 0.299610 0.177686 0.303108 0.238837
5 0.546979 0.729055 0.546402 0.710136 0.551980 0.709834 0.552557 0.728753
13 0.306877 0.234508 0.303765 0.178934 0.320207 0.177297 0.323319 0.232872
5 0.442412 0.565881 0.442517 0.541011 0.449515 0.541064 0.449411 0.565933
1 0.540932 0.620851 0.541395 0.592733 0.551777 0.593038 0.551313 0.621156
5 0.531870 0.508761 0.531262 0.488779 0.537141 0.488461 0.537749 0.508443
13 0.701502 0.372157 0.700678 0.352417 0.741727 0.349371 0.742551 0.369110
5 0.538679 0.276394 0.537337 0.253896 0.544655 0.253120 0.545996 0.275618
5 0.417555 0.055515 0.411108 0.033850 0.417341 0.030553 0.423788 0.052218
6 0.039195 0.197610 0.040228 0.176757 0.082876 0.180515 0.081842 0.201368
5 0.447452 0.728617 0.448422 0.701478 0.455673 0.701939 0.454703 0.729078
7 0.105937 0.077599 0.101521 0.030789 0.118412 0.027956 0.122828 0.074766
13 0.249208 0.237322 0.245351 0.182005 0.261208 0.180039 0.265066 0.235356
6 0.344574 0.360479 0.343742 0.301679 0.357769 0.301326 0.358602 0.360126
7 0.805535 0.261458 0.804544 0.240145 0.849153 0.236459 0.850143 0.257772
6 0.795235 0.389627 0.806443 0.373787 0.834974 0.409679 0.823765 0.425519
7 0.050131 0.087476 0.048443 0.042263 0.066210 0.041083 0.067899 0.086296
2 0.266992 0.234857 0.263528 0.180539 0.279883 0.178685 0.283347 0.233002
2 0.703009 0.263425 0.702980 0.240834 0.743345 0.240742 0.743374 0.263333
8 0.073647 0.087168 0.068377 0.040603 0.085597 0.037138 0.090868 0.083703
12 0.268152 0.596926 0.264072 0.520687 0.288619 0.518352 0.292699 0.594591
6 0.536092 1.000000 0.535135 0.977665 0.548283 0.976710 0.549240 1.000000
6 0.801315 0.285629 0.801005 0.266243 0.842435 0.265065 0.842745 0.284451
8 0.564353 0.978059 0.564041 0.929059 0.579397 0.928885 0.579709 0.977886
5 0.668794 0.420123 0.668178 0.413303 0.681727 0.411127 0.682343 0.417947
0 0.402927 0.431711 0.403943 0.417954 0.411786 0.418983 0.410771 0.432740
6 0.704645 0.343233 0.702963 0.323198 0.743272 0.317183 0.744953 0.337219
7 0.804334 0.334590 0.804456 0.315299 0.845145 0.315757 0.845023 0.335049
7 0.281099 0.361080 0.277912 0.310564 0.294422 0.308712 0.297609 0.359228
0 0.362232 0.660987 0.362214 0.625831 0.375268 0.625819 0.375286 0.660975
7 0.300219 0.359010 0.296550 0.308290 0.312281 0.306268 0.315950 0.356987
2 0.317634 0.352956 0.313883 0.302116 0.328720 0.300169 0.332472 0.351009
0 0.168040 0.731121 0.165893 0.715871 0.187169 0.710546 0.189315 0.725796
8 0.743713 0.434744 0.740773 0.383505 0.756287 0.381922 0.759227 0.433162
