12 0.398351 0.651725 0.396419 0.618796 0.453342 0.612859 0.455274 0.645788
7 0.013350 0.637163 0.013183 0.621670 0.039189 0.621170 0.039357 0.636663
8 0.635970 0.635637 0.636102 0.619513 0.664030 0.619919 0.663898 0.636042
7 0.839822 0.486524 0.838644 0.457291 0.849241 0.456532 0.850418 0.485765
12 0.767037 0.156847 0.770254 0.137726 0.811609 0.150097 0.808392 0.169218
0 0.944365 0.439130 0.942734 0.408521 0.954594 0.407398 0.956225 0.438007
5 0.456901 0.626078 0.457511 0.619838 0.469011 0.621838 0.468400 0.628079
3 0.609410 0.121650 0.618082 0.085954 0.651527 0.100398 0.642856 0.136094
7 0.202923 0.641112 0.202262 0.625447 0.228587 0.623471 0.229249 0.639137
5 0.862103 0.630267 0.861536 0.623822 0.874355 0.621817 0.874922 0.628261
5 0.473101 0.681831 0.472996 0.675458 0.484711 0.675113 0.484817 0.681486
8 0.694825 0.629723 0.694632 0.613926 0.721841 0.613333 0.722035 0.629129
12 0.534209 0.937471 0.534547 0.912974 0.573082 0.913918 0.572745 0.938415
0 0.222480 0.663716 0.222458 0.653717 0.240541 0.653645 0.240563 0.663644
7 0.046863 0.636777 0.047122 0.622154 0.072213 0.622946 0.071953 0.637568
12 0.621546 0.068787 0.631602 0.053789 0.652933 0.079217 0.642877 0.094214
5 0.464647 0.666070 0.455661 0.658343 0.458399 0.652680 0.467386 0.660407
0 0.660922 0.246049 0.660488 0.231510 0.689078 0.229993 0.689512 0.244532
