12 0.650676 0.541253 0.636524 0.498059 0.650365 0.489997 0.664517 0.533191
10 0.567242 0.074561 0.535588 0.001100 0.562966 0.000000 0.594621 0.053588
0 0.484231 0.694237 0.481294 0.668820 0.490769 0.666874 0.493706 0.692291
5 0.723543 0.750942 0.715617 0.731641 0.721248 0.727530 0.729175 0.746831
12 0.460869 0.899410 0.449238 0.858223 0.583402 0.790868 0.595033 0.832055
5 0.739901 0.799933 0.730737 0.770324 0.739787 0.765345 0.748950 0.794954
0 0.474418 0.696440 0.470709 0.669194 0.480790 0.666754 0.484499 0.694000
5 0.704583 0.699713 0.698982 0.682031 0.704792 0.678759 0.710393 0.696441
5 0.672579 0.525934 0.667676 0.508337 0.673775 0.505316 0.678678 0.522913
0 0.851521 0.880607 0.842349 0.854295 0.851604 0.848560 0.860776 0.874872
5 0.852844 0.949598 0.847332 0.927114 0.854448 0.924013 0.859960 0.946497
0 0.696263 0.719152 0.686361 0.690039 0.696966 0.683626 0.706869 0.712738
0 0.622836 0.118160 0.624971 0.092733 0.633414 0.093993 0.631279 0.119420
5 0.765885 0.565101 0.767446 0.557814 0.782032 0.563371 0.780470 0.570658
12 0.859417 0.612583 0.849424 0.579956 0.902042 0.551306 0.912034 0.583933
0 0.720976 0.778553 0.712661 0.753107 0.721733 0.747836 0.730048 0.773282
0 0.847557 0.974505 0.837667 0.950056 0.846714 0.943551 0.856603 0.967999
5 0.644343 0.248696 0.636672 0.232543 0.641595 0.228387 0.649266 0.244540
0 0.743661 0.852786 0.732810 0.820079 0.743318 0.813881 0.754170 0.846587
5 0.702620 0.758218 0.696036 0.733056 0.704150 0.729282 0.710735 0.754444
0 0.705068 0.667312 0.694484 0.632803 0.707432 0.625743 0.718016 0.660252
8 0.772608 0.645061 0.757403 0.595863 0.773746 0.586883 0.788951 0.636082
12 0.013165 0.021585 0.011119 0.000702 0.049498 0.000000 0.051544 0.014902
0 0.052713 0.823577 0.047934 0.800774 0.057379 0.797256 0.062157 0.820059
5 0.762615 0.644991 0.754963 0.625898 0.761865 0.620981 0.769516 0.640074
0 0.637339 0.263275 0.626869 0.239410 0.636099 0.232211 0.646569 0.256076
0 0.511245 0.042744 0.497923 0.020742 0.506984 0.010989 0.520306 0.032990
6 0.727836 0.619855 0.714589 0.567640 0.729977 0.560700 0.743223 0.612916
0 0.648553 0.145747 0.644019 0.116084 0.655613 0.112933 0.660148 0.142597
5 0.598577 0.294825 0.588904 0.273358 0.596215 0.267502 0.605888 0.288968
8 0.810827 0.908499 0.799008 0.859313 0.814694 0.852612 0.826513 0.901798
12 0.582588 0.730985 0.567746 0.680748 0.623141 0.651654 0.637983 0.701890
6 0.652183 0.207242 0.641918 0.154071 0.656671 0.149008 0.666937 0.202179
0 0.756712 0.836719 0.748022 0.803274 0.759434 0.798003 0.768124 0.831448
2 0.724458 0.866828 0.702292 0.809305 0.714084 0.801228 0.736249 0.858750
0 0.798725 0.964338 0.792034 0.936888 0.801275 0.932884 0.807966 0.960334
5 0.682587 0.536723 0.677218 0.515159 0.683038 0.512583 0.688407 0.534147
0 0.590822 0.042403 0.583805 0.010998 0.594334 0.006816 0.601351 0.038221
3 0.593179 0.489959 0.569818 0.357282 0.612029 0.344069 0.635391 0.476746
5 0.670523 0.695159 0.666879 0.675705 0.673227 0.673591 0.676871 0.693045
5 0.840861 0.789632 0.834592 0.769405 0.840910 0.765924 0.847179 0.786151
5 0.756610 0.704816 0.750407 0.681385 0.757973 0.677823 0.764177 0.701254
5 0.689717 0.443078 0.682108 0.418130 0.689971 0.413867 0.697580 0.438814
1 0.066315 0.500319 0.059294 0.466973 0.072097 0.462181 0.079117 0.495527
0 0.061584 0.863008 0.056526 0.838597 0.064653 0.835603 0.069711 0.860015
12 0.051343 0.023651 0.047911 0.000000 0.068904 0.000000 0.072336 0.018439
5 0.535427 0.052316 0.530009 0.033727 0.535406 0.030930 0.540824 0.049520
0 0.605882 0.206781 0.593967 0.180073 0.604535 0.171691 0.616450 0.198399
6 0.488509 0.099495 0.466112 0.055348 0.480241 0.042605 0.502638 0.086753
5 0.323360 0.536727 0.317443 0.517246 0.323515 0.513967 0.329432 0.533449
