0 0.515148 0.738418 0.516598 0.712100 0.525477 0.712971 0.524027 0.739288
0 0.650837 0.747245 0.652494 0.733950 0.674683 0.738867 0.673027 0.752161
0 0.503249 0.448106 0.497744 0.429890 0.511074 0.422727 0.516579 0.440944
0 0.407617 0.350495 0.399926 0.336325 0.412175 0.324505 0.419866 0.338675
5 0.199111 0.583052 0.195593 0.574673 0.213389 0.561392 0.216907 0.569772
5 0.498195 0.490137 0.494846 0.473034 0.500763 0.470974 0.504112 0.488077
5 0.513410 0.662160 0.510440 0.638135 0.518101 0.636452 0.521070 0.660476
0 0.432224 0.012344 0.431390 0.000024 0.441214 0.000000 0.442047 0.011163
5 0.446831 0.221695 0.443884 0.196127 0.452909 0.194278 0.455856 0.219846
5 0.035163 0.700849 0.035150 0.690855 0.051882 0.690818 0.051894 0.700811
0 0.416259 0.018862 0.414058 0.000201 0.425538 0.000000 0.427739 0.016455
5 0.488168 0.231409 0.479578 0.219906 0.483707 0.214424 0.492297 0.225928
