7 0.673632 0.751539 0.673473 0.733614 0.700847 0.733184 0.701006 0.751108
7 0.571309 0.641534 0.574808 0.627969 0.595879 0.637633 0.592379 0.651197
7 0.425778 0.743497 0.425099 0.729300 0.448180 0.727337 0.448860 0.741533
7 0.519857 0.762535 0.520228 0.747460 0.545768 0.748577 0.545397 0.763651
8 0.484736 0.779784 0.488712 0.766572 0.511098 0.778549 0.507122 0.791761
8 0.462698 0.742356 0.461798 0.727669 0.486261 0.725006 0.487160 0.739692
7 0.496120 0.648769 0.496333 0.635306 0.519245 0.635953 0.519031 0.649416
7 0.495236 0.635459 0.495210 0.622959 0.517524 0.622875 0.517551 0.635375
5 0.365480 0.756845 0.365612 0.750391 0.376708 0.750794 0.376576 0.757248
5 0.311954 0.763026 0.311550 0.756167 0.322421 0.755030 0.322825 0.761888
5 0.298165 0.748673 0.297910 0.741037 0.311731 0.740216 0.311986 0.747852
5 0.001150 0.810844 0.000813 0.804077 0.012473 0.803045 0.012810 0.809812
3 0.117671 0.490673 0.099403 0.437382 0.109543 0.431202 0.127811 0.484493
7 0.526424 0.528572 0.523846 0.507244 0.532170 0.505455 0.534748 0.526784
1 0.911274 0.659477 0.910842 0.643602 0.931434 0.642606 0.931866 0.658481
0 0.481196 0.999302 0.481437 0.985156 0.490159 0.985421 0.489917 0.999566
5 0.068390 0.813952 0.067545 0.806819 0.080439 0.804104 0.081283 0.811237
5 0.609296 0.930021 0.607746 0.906980 0.615183 0.906090 0.616733 0.929131
3 0.282983 0.433717 0.272736 0.386162 0.288371 0.380172 0.298619 0.427727
5 0.518637 0.819243 0.519375 0.813213 0.529800 0.815480 0.529063 0.821509
12 0.364215 0.672635 0.364043 0.649025 0.427972 0.648198 0.428144 0.671808
5 0.571004 0.841671 0.560180 0.828319 0.564413 0.822218 0.575237 0.835570
0 0.525108 0.840954 0.528031 0.819528 0.536350 0.821546 0.533427 0.842972
13 0.379167 0.027704 0.392917 0.001412 0.401562 0.009449 0.387812 0.035741
7 0.524039 0.636262 0.523756 0.622899 0.545753 0.622072 0.546035 0.635434
5 0.463217 0.774585 0.462215 0.767693 0.475325 0.764304 0.476327 0.771196
0 0.635908 0.937456 0.630839 0.917429 0.641696 0.912544 0.646765 0.932571
5 0.508751 0.952341 0.508422 0.932598 0.515728 0.932381 0.516058 0.952124
5 0.054212 0.536692 0.060761 0.523604 0.064799 0.527197 0.058250 0.540284
1 0.467233 0.692198 0.466503 0.682732 0.481205 0.680719 0.481934 0.690185
7 0.151834 0.664593 0.151594 0.653671 0.174729 0.652768 0.174968 0.663690
12 0.450038 0.806311 0.450092 0.786497 0.501264 0.786745 0.501210 0.806558
0 0.836160 0.213787 0.814109 0.177334 0.824257 0.166421 0.846307 0.202874
5 0.364168 0.679808 0.364400 0.672968 0.375936 0.673665 0.375704 0.680504
0 0.535887 0.528532 0.533858 0.508236 0.541456 0.506885 0.543486 0.527181
