7 0.720790 0.290017 0.723954 0.250484 0.737023 0.252344 0.733858 0.291877
8 0.766293 0.862722 0.773663 0.821785 0.787353 0.826167 0.779983 0.867104
6 0.165727 0.703654 0.167247 0.688774 0.193648 0.693568 0.192128 0.708448
8 0.678958 0.598066 0.687044 0.559078 0.699688 0.563739 0.691602 0.602728
2 0.639686 0.532773 0.653924 0.450918 0.670731 0.456116 0.656492 0.537971
8 0.742367 0.061377 0.748358 0.020660 0.761279 0.024040 0.755288 0.064757
7 0.752807 0.838750 0.762293 0.799437 0.776881 0.805695 0.767394 0.845008
7 0.915541 0.857588 0.922019 0.818670 0.936542 0.822967 0.930064 0.861886
12 0.595247 0.740060 0.612008 0.654968 0.628191 0.660635 0.611430 0.745727
8 0.775704 0.915430 0.782109 0.873651 0.796692 0.877626 0.790286 0.919405
8 0.907520 0.997375 0.892009 0.958256 0.903938 0.949848 0.919449 0.988966
8 0.941604 0.954775 0.943548 0.937521 0.975063 0.943836 0.973118 0.961090
7 0.867500 0.249790 0.873058 0.207774 0.886666 0.210974 0.881109 0.252990
7 0.649804 0.290764 0.655139 0.257932 0.666863 0.261319 0.661527 0.294151
1 0.692951 0.428421 0.694164 0.403669 0.704445 0.404565 0.703232 0.429317
8 0.141469 0.581284 0.147802 0.542612 0.161135 0.546494 0.154802 0.585166
7 0.806794 0.347949 0.813438 0.310261 0.826018 0.314203 0.819375 0.351892
1 0.787456 0.819866 0.792282 0.797487 0.803169 0.801662 0.798343 0.824040
7 0.783651 0.866529 0.790049 0.823951 0.804891 0.827916 0.798492 0.870494
0 0.566889 1.000000 0.565666 0.976801 0.573736 0.976055 0.574959 0.999588
1 0.676607 0.077506 0.680230 0.051166 0.690060 0.053570 0.686436 0.079910
1 0.724716 0.154468 0.728378 0.129529 0.738305 0.132121 0.734643 0.157059
5 0.722297 0.427095 0.725562 0.410468 0.731349 0.412488 0.728083 0.429115
5 0.645473 0.661345 0.646740 0.640025 0.653485 0.640738 0.652219 0.662058
5 0.659771 0.352588 0.663995 0.334227 0.669916 0.336648 0.665692 0.355009
5 0.718780 0.337627 0.721599 0.321278 0.726532 0.322790 0.723713 0.339139
5 0.703709 0.308788 0.706681 0.291217 0.712437 0.292948 0.709465 0.310519
5 0.669509 0.525062 0.672913 0.505062 0.678928 0.506883 0.675525 0.526882
5 0.514428 0.793652 0.515999 0.787168 0.528281 0.792459 0.526709 0.798943
12 0.765521 0.385266 0.773101 0.344799 0.787084 0.349456 0.779503 0.389923
7 0.937460 0.971932 0.939912 0.955246 0.968790 0.962790 0.966338 0.979476
5 0.669025 0.491075 0.672392 0.471665 0.678371 0.473509 0.675004 0.492918
1 0.689704 0.392870 0.692636 0.368880 0.702483 0.371019 0.699552 0.395009
5 0.303544 0.735606 0.304824 0.725220 0.321977 0.728977 0.320697 0.739363
5 0.681642 0.480148 0.683432 0.459102 0.690233 0.460130 0.688443 0.481176
5 0.709297 0.324239 0.715236 0.306457 0.721432 0.310136 0.715493 0.327918
5 0.751333 0.155200 0.756257 0.135029 0.763771 0.138290 0.758847 0.158461
5 0.297740 0.822044 0.298586 0.814385 0.311114 0.816845 0.310268 0.824504
0 0.554342 0.985940 0.554228 0.959964 0.563366 0.959893 0.563481 0.985869
12 0.791733 0.700640 0.797010 0.658647 0.811392 0.661860 0.806115 0.703853
8 0.907585 0.910130 0.914719 0.863255 0.930957 0.867648 0.923823 0.914523
5 0.742091 0.294362 0.746896 0.274299 0.753222 0.276992 0.748417 0.297055
5 0.726277 0.061050 0.728054 0.043676 0.733098 0.044593 0.731321 0.061967
12 0.706212 0.149901 0.711552 0.114410 0.722954 0.117460 0.717614 0.152951
5 0.758584 0.619824 0.760233 0.602811 0.765895 0.603787 0.764246 0.620800
0 0.723185 0.358738 0.727554 0.337450 0.735148 0.340221 0.730780 0.361508
5 0.447259 0.872582 0.449836 0.865900 0.460554 0.873251 0.457976 0.879933
12 0.767444 0.697816 0.781540 0.613514 0.801827 0.619545 0.787731 0.703847
12 0.533602 0.354090 0.542446 0.307647 0.555982 0.312229 0.547137 0.358672
5 0.491513 0.739071 0.491341 0.724913 0.495726 0.724818 0.495899 0.738976
0 0.555660 0.798504 0.555000 0.780926 0.579757 0.779274 0.580417 0.796852
5 0.766971 1.000000 0.765022 0.995203 0.771050 0.992226 0.772999 0.999241
