2 0.472422 0.994214 0.473696 0.942680 0.487474 0.943286 0.486200 0.994820
2 0.602682 0.137399 0.617533 0.083129 0.630651 0.089511 0.615801 0.143781
13 0.462168 0.425831 0.458526 0.376809 0.473248 0.374864 0.476891 0.423886
8 0.419944 0.103315 0.397573 0.070016 0.407660 0.057969 0.430031 0.091268
7 0.852928 0.209352 0.862577 0.192663 0.891864 0.222766 0.882215 0.239455
7 0.568312 0.309706 0.573336 0.268274 0.586896 0.271197 0.581873 0.312629
5 0.462886 0.775622 0.463059 0.758306 0.468625 0.758405 0.468451 0.775722
7 0.482769 0.671990 0.483019 0.628567 0.496398 0.628704 0.496147 0.672127
8 0.640906 0.256079 0.622609 0.217381 0.634615 0.207289 0.652912 0.245987
5 0.615495 0.245073 0.616703 0.224574 0.623047 0.225239 0.621839 0.245738
5 0.564695 0.710278 0.564022 0.687335 0.571503 0.686945 0.572176 0.709887
0 0.578745 0.670401 0.584020 0.643350 0.594433 0.646960 0.589157 0.674011
13 0.643678 0.618295 0.643436 0.599190 0.679759 0.598371 0.680001 0.617477
0 0.532352 0.053177 0.522764 0.030439 0.532752 0.022952 0.542340 0.045689
5 0.572967 0.410729 0.573867 0.386019 0.581199 0.386493 0.580299 0.411204
2 0.619813 0.079540 0.631837 0.023995 0.646333 0.029574 0.634309 0.085119
2 0.478085 0.800190 0.478622 0.752322 0.491967 0.752588 0.491430 0.800456
1 0.598544 0.876729 0.601644 0.856709 0.611352 0.859382 0.608251 0.879402
12 0.928471 0.137076 0.911574 0.100793 0.996529 0.030459 1.000000 0.066742
12 0.477657 0.013012 0.469464 0.000138 0.479635 0.000000 0.487827 0.001506
0 0.623632 0.870112 0.621782 0.839439 0.633139 0.838221 0.634989 0.868894
2 0.811407 0.627848 0.818910 0.567561 0.833385 0.570763 0.825882 0.631050
5 0.564520 1.000000 0.563466 0.978069 0.571417 0.977401 0.572472 0.999709
12 0.668079 0.317051 0.674695 0.235626 0.697025 0.238852 0.690409 0.320276
12 0.949102 0.156960 0.936768 0.125446 0.998815 0.082276 1.000000 0.113790
2 0.842681 0.408670 0.851484 0.342163 0.865653 0.345497 0.856850 0.412004
2 0.828302 0.414066 0.836688 0.348124 0.850344 0.351211 0.841958 0.417154
2 0.787299 0.614465 0.794117 0.559218 0.806451 0.561924 0.799633 0.617171
