13 0.658630 0.544492 0.660292 0.499016 0.674704 0.499953 0.673041 0.545428
7 0.635260 0.784630 0.621319 0.750126 0.632969 0.741758 0.646910 0.776263
7 0.665998 0.149354 0.666425 0.106649 0.680356 0.106896 0.679929 0.149601
2 0.522550 0.544701 0.527109 0.462547 0.545158 0.464327 0.540600 0.546481
7 0.529965 0.933070 0.530061 0.891881 0.541910 0.891930 0.541814 0.933119
7 0.691050 0.917686 0.693668 0.871116 0.708430 0.872591 0.705811 0.919162
5 0.634491 0.565301 0.632841 0.543363 0.640509 0.542337 0.642159 0.564276
5 0.626011 0.907151 0.625538 0.886219 0.633364 0.885904 0.633837 0.906837
0 0.704916 0.869474 0.695911 0.835832 0.707063 0.830526 0.716068 0.864168
7 0.566670 0.100379 0.567793 0.060390 0.578121 0.060905 0.576999 0.100895
5 0.620335 0.967286 0.618764 0.944858 0.627061 0.943825 0.628632 0.966253
5 0.513949 0.623594 0.514581 0.602430 0.521468 0.602795 0.520836 0.623959
5 0.499488 0.555001 0.501801 0.537464 0.507283 0.538749 0.504970 0.556286
5 0.884274 0.728620 0.886467 0.719650 0.903226 0.726936 0.901033 0.735906
5 0.503686 0.513863 0.502528 0.495133 0.508554 0.494470 0.509712 0.513200
5 0.650759 0.491189 0.651411 0.470928 0.658095 0.471311 0.657443 0.491572
0 0.539062 0.104249 0.540657 0.077684 0.550521 0.078737 0.548926 0.105302
