2 0.423011 0.544980 0.422256 0.498464 0.435713 0.498075 0.436468 0.544592
7 0.377134 0.465955 0.376844 0.446080 0.412449 0.445156 0.412739 0.465031
8 0.379771 0.438650 0.379882 0.420030 0.412742 0.420378 0.412631 0.438997
12 0.348286 0.050179 0.350056 0.000000 0.367339 0.000081 0.365569 0.051242
13 0.379818 0.536390 0.379378 0.517139 0.414974 0.515693 0.415414 0.534944
8 0.386651 0.510990 0.386433 0.493176 0.418428 0.492482 0.418645 0.510296
8 0.430958 0.751119 0.428534 0.705748 0.442350 0.704436 0.444773 0.749807
8 0.379343 0.413702 0.379514 0.395464 0.412845 0.396020 0.412674 0.414258
6 0.458853 0.333011 0.461161 0.282150 0.475522 0.283308 0.473214 0.334170
7 0.403295 0.281091 0.421497 0.241445 0.434726 0.252243 0.416524 0.291888
7 0.370284 0.051809 0.370115 0.031779 0.404390 0.031264 0.404559 0.051294
13 0.425848 0.586867 0.439125 0.542341 0.452147 0.549244 0.438870 0.593770
6 0.420911 0.192338 0.409867 0.142199 0.423360 0.136915 0.434404 0.187055
7 0.383087 0.816053 0.391396 0.800791 0.418476 0.827003 0.410167 0.842264
0 0.699053 0.526255 0.700467 0.500608 0.709801 0.501523 0.708387 0.527170
7 0.369590 0.097565 0.370117 0.079295 0.404890 0.081081 0.404362 0.099350
12 0.820467 0.832441 0.825836 0.803540 0.845158 0.809921 0.839789 0.838821
6 0.397926 0.024656 0.398818 0.000000 0.412491 0.000171 0.411599 0.025512
6 0.387866 0.350243 0.394418 0.335492 0.425676 0.360173 0.419124 0.374925
0 0.362702 0.852485 0.362559 0.830958 0.371803 0.830849 0.371946 0.852375
7 0.386914 0.606395 0.379082 0.589354 0.408724 0.565133 0.416556 0.582174
0 0.681837 0.822204 0.681900 0.810247 0.702017 0.810435 0.701954 0.822392
0 0.398566 0.149830 0.387206 0.115525 0.397658 0.109372 0.409018 0.143677
5 0.549015 0.460981 0.548309 0.436607 0.555412 0.436241 0.556118 0.460615
5 0.337995 0.562251 0.337404 0.555855 0.350383 0.553721 0.350975 0.560118
0 0.351101 0.262816 0.351522 0.230833 0.363287 0.231108 0.362866 0.263091
12 0.216207 0.610431 0.213096 0.465786 0.226762 0.465263 0.229873 0.609909
0 0.534792 0.935983 0.539743 0.910927 0.548541 0.914017 0.543591 0.939073
13 0.602806 0.405923 0.592472 0.352014 0.607610 0.346855 0.617945 0.400764
5 0.359090 0.544924 0.358625 0.526185 0.364868 0.525909 0.365333 0.544649
6 0.337560 0.479246 0.336567 0.431044 0.352056 0.430476 0.353049 0.478679
0 0.589294 0.758808 0.574836 0.719679 0.586487 0.712026 0.600945 0.751154
0 0.631492 0.657213 0.631464 0.631019 0.650800 0.630982 0.650828 0.657175
2 0.432090 0.244592 0.433118 0.196391 0.446556 0.196901 0.445528 0.245102
6 0.410369 0.238365 0.419946 0.193759 0.433121 0.198788 0.423544 0.243394
5 0.553297 0.935925 0.553688 0.913828 0.561547 0.914075 0.561156 0.936172
7 0.385426 0.801087 0.388279 0.784003 0.419783 0.793357 0.416929 0.810441
0 0.646840 0.199898 0.647613 0.182416 0.658369 0.183261 0.657596 0.200744
12 0.332625 0.408680 0.331783 0.359127 0.346542 0.358681 0.347383 0.408234
6 0.416455 0.711984 0.397788 0.662413 0.411410 0.653294 0.430077 0.702865
0 0.512764 0.991293 0.513068 0.966817 0.523174 0.967041 0.522870 0.991516
8 0.459625 0.598960 0.460578 0.552624 0.474229 0.553123 0.473276 0.599460
2 0.587647 0.186513 0.575670 0.142811 0.589176 0.136231 0.601153 0.179932
5 0.450239 0.245817 0.450696 0.222669 0.458225 0.222933 0.457768 0.246081
6 0.063818 0.642070 0.054638 0.615119 0.063070 0.610013 0.072250 0.636965
0 0.380127 0.022292 0.377562 0.000000 0.389340 0.000000 0.391904 0.019897
0 0.376793 1.000000 0.373401 0.969457 0.384210 0.967370 0.387601 0.998598
13 0.419527 0.012190 0.418638 0.000000 0.432165 0.000000 0.433055 0.010447
0 0.512505 0.790145 0.511709 0.747711 0.522391 0.747355 0.523187 0.789789
1 0.760347 0.195981 0.769773 0.162846 0.781841 0.168950 0.772415 0.202084
