6 0.615120 0.298826 0.601309 0.253416 0.615088 0.245966 0.628899 0.291376
12 0.399580 0.923407 0.391960 0.886836 0.408363 0.880760 0.415983 0.917330
5 0.465807 0.768460 0.465776 0.750307 0.471172 0.750290 0.471203 0.768443
13 0.636200 0.298076 0.635729 0.279619 0.672133 0.277965 0.672605 0.296423
0 0.573205 0.066383 0.572520 0.040878 0.580961 0.040475 0.581647 0.065979
5 0.579641 0.014643 0.580410 0.000000 0.586244 0.000000 0.585475 0.015162
0 0.522069 0.782764 0.522300 0.750431 0.533140 0.750569 0.532908 0.782903
2 0.467145 0.407257 0.468336 0.360192 0.481813 0.360798 0.480622 0.407863
12 0.956572 0.068297 0.961234 0.000000 1.000000 0.002276 0.999182 0.073272
5 0.574656 0.263096 0.574434 0.242438 0.582375 0.242286 0.582598 0.262944
0 0.580743 0.404957 0.579867 0.383917 0.589049 0.383238 0.589924 0.404277
0 0.460152 0.922513 0.460470 0.892569 0.470837 0.892764 0.470519 0.922709
6 0.523918 0.658460 0.523934 0.608894 0.535978 0.608901 0.535962 0.658467
12 0.874026 0.051547 0.875788 0.000000 0.957224 0.001578 0.955462 0.056215
6 0.530725 0.138123 0.529922 0.087526 0.540629 0.087224 0.541432 0.137821
0 0.395452 0.745535 0.390828 0.714899 0.403832 0.711410 0.408456 0.742045
5 0.416576 0.303126 0.413420 0.283943 0.421445 0.281596 0.424601 0.300779
1 0.592642 0.559672 0.595391 0.540135 0.604493 0.542411 0.601745 0.561949
