13 0.667445 0.702146 0.667721 0.687871 0.695576 0.688827 0.695300 0.703101
13 0.866153 0.746192 0.865633 0.732549 0.890097 0.730891 0.890617 0.744534
13 0.095461 0.053929 0.094786 0.020282 0.107924 0.019813 0.108600 0.053460
13 0.661739 0.207913 0.659861 0.177221 0.670032 0.176114 0.671910 0.206807
6 0.479449 0.280390 0.479332 0.247448 0.488780 0.247388 0.488898 0.280330
0 0.671823 0.748685 0.671395 0.734026 0.699531 0.732565 0.699959 0.747224
12 0.000059 0.851315 0.000000 0.817213 0.051504 0.815352 0.052188 0.849454
0 0.399881 0.106356 0.395330 0.076564 0.404676 0.074026 0.409227 0.103818
7 0.131480 0.054425 0.119992 0.028589 0.129197 0.021313 0.140685 0.047148
13 0.904648 0.738372 0.903916 0.725181 0.928686 0.722739 0.929417 0.735930
13 0.376859 0.795949 0.381959 0.784088 0.400810 0.798496 0.395710 0.810357
13 0.369479 0.253593 0.370713 0.222756 0.381042 0.223491 0.379808 0.254328
7 0.563337 0.426354 0.562827 0.414426 0.587705 0.412535 0.588215 0.424463
7 0.413714 0.300976 0.413646 0.272504 0.423786 0.272461 0.423854 0.300933
6 0.275089 0.999728 0.275912 0.973361 0.285327 0.973884 0.284505 1.000000
0 0.632694 0.759276 0.632735 0.729589 0.642306 0.729612 0.642265 0.759300
7 0.086362 0.048543 0.085834 0.020036 0.095149 0.019729 0.095677 0.048236
8 0.891428 0.223704 0.890802 0.192292 0.901280 0.191921 0.901906 0.223333
7 0.889421 0.191435 0.888358 0.159348 0.900162 0.158652 0.901226 0.190739
13 0.012890 0.036982 0.023127 0.012168 0.032097 0.018747 0.021860 0.043561
5 0.466869 0.368043 0.466765 0.352159 0.472193 0.352095 0.472297 0.367980
7 0.567260 0.648787 0.567149 0.637580 0.581698 0.637324 0.581809 0.648532
13 0.390703 0.145905 0.387964 0.115175 0.397904 0.113600 0.400643 0.144330
5 0.463214 0.255219 0.463158 0.237522 0.469078 0.237489 0.469134 0.255186
0 0.907941 0.046185 0.907577 0.036068 0.921225 0.035195 0.921589 0.045313
2 0.462458 0.977893 0.462387 0.940198 0.472959 0.940163 0.473029 0.977858
0 0.372174 0.831714 0.372429 0.820456 0.387462 0.821063 0.387206 0.832321
5 0.363692 0.027491 0.363926 0.021135 0.375631 0.021901 0.375397 0.028258
0 0.383093 0.444708 0.383192 0.426751 0.390214 0.426819 0.390116 0.444777
5 0.427043 0.491948 0.426253 0.479406 0.430899 0.478885 0.431690 0.491428
5 0.405210 0.707855 0.404819 0.693759 0.409373 0.693534 0.409765 0.707630
0 0.489465 0.198065 0.490067 0.184123 0.499337 0.184834 0.498735 0.198776
