8 0.638307 0.961707 0.632402 0.920836 0.645547 0.917459 0.651452 0.958331
2 0.622392 0.845182 0.615362 0.804405 0.627608 0.800652 0.634638 0.841428
13 0.602769 0.759841 0.595690 0.717477 0.608168 0.713770 0.615248 0.756134
5 0.527385 0.457054 0.525683 0.440433 0.530948 0.439474 0.532651 0.456095
5 0.545086 0.566855 0.544225 0.550293 0.549446 0.549811 0.550306 0.566373
5 0.511919 0.130206 0.510961 0.112434 0.515685 0.111982 0.516643 0.129753
0 0.930913 0.802434 0.924847 0.769538 0.936795 0.765621 0.942862 0.798517
5 0.518184 0.406369 0.515967 0.392221 0.520879 0.390853 0.523095 0.405001
6 0.582848 0.761695 0.573548 0.717977 0.585902 0.713305 0.595202 0.757023
1 0.568198 0.512301 0.563914 0.488698 0.573469 0.485616 0.577753 0.509218
5 0.658082 0.966385 0.653649 0.947179 0.659626 0.944726 0.664060 0.963932
1 0.519275 0.342872 0.515247 0.319702 0.524475 0.316850 0.528503 0.340020
7 0.495333 0.137620 0.489515 0.095732 0.501542 0.092762 0.507360 0.134650
5 0.543011 0.420657 0.542372 0.400591 0.549697 0.400176 0.550337 0.420243
