6 0.478000 0.981762 0.479916 0.938065 0.492833 0.939071 0.490918 0.982769
0 0.429452 0.997038 0.431136 0.972619 0.440731 0.973795 0.439047 0.998215
0 0.515957 0.346277 0.504809 0.317293 0.513991 0.311014 0.525139 0.339999
5 0.536703 0.351939 0.534894 0.332841 0.541422 0.331742 0.543231 0.350839
5 0.493877 0.311933 0.485516 0.297414 0.490238 0.292580 0.498599 0.307100
5 0.419403 0.154532 0.410170 0.136765 0.416535 0.130885 0.425768 0.148651
3 0.212002 1.000000 0.227731 0.841233 0.248936 0.844947 0.233206 1.000000
6 0.352683 0.073148 0.330043 0.031990 0.341067 0.021209 0.363707 0.062367
6 0.487609 0.719751 0.490163 0.669345 0.503276 0.670526 0.500722 0.720932
0 0.444050 0.149853 0.434155 0.128925 0.443710 0.120893 0.453605 0.141821
5 0.550312 0.412910 0.545235 0.394300 0.551510 0.391257 0.556587 0.409866
0 0.382702 0.157592 0.372635 0.139045 0.380124 0.131818 0.390191 0.150365
5 0.213192 0.918198 0.218190 0.900998 0.224048 0.904024 0.219050 0.921224
5 0.471901 0.608842 0.474287 0.586191 0.482265 0.587685 0.479880 0.610336
0 0.453292 1.000000 0.441956 0.975459 0.453610 0.967738 0.464945 0.998152
5 0.549441 0.615322 0.550222 0.592516 0.558372 0.593012 0.557591 0.615818
0 0.242218 0.045738 0.229344 0.025041 0.236949 0.016632 0.249822 0.037329
0 0.591916 0.707113 0.590056 0.684506 0.599230 0.683164 0.601090 0.705772
5 0.564157 0.297339 0.551786 0.279016 0.556677 0.273147 0.569047 0.291470
4 0.381350 0.217753 0.359395 0.179161 0.369562 0.168879 0.391516 0.207471
4 0.327414 0.122333 0.306230 0.083465 0.316336 0.073674 0.337520 0.112542
5 0.766352 0.429298 0.766463 0.418237 0.787815 0.418619 0.787704 0.429680
6 0.493598 0.588501 0.494773 0.545604 0.507444 0.546221 0.506269 0.589118
1 0.784391 0.392527 0.789600 0.365519 0.802588 0.369973 0.797379 0.396981
