3 0.438742 0.630530 0.476927 0.348280 0.515946 0.357664 0.477760 0.639915
13 0.022506 0.646121 0.022353 0.630085 0.052559 0.629573 0.052712 0.645609
5 0.528387 0.522905 0.531051 0.504594 0.537499 0.506262 0.534834 0.524573
5 0.512642 0.570981 0.515620 0.550242 0.522254 0.551936 0.519276 0.572675
5 0.547728 0.361715 0.548983 0.345198 0.554355 0.345924 0.553100 0.362441
12 0.255256 0.578381 0.259480 0.439606 0.286411 0.441063 0.282187 0.579838
5 0.528381 0.455038 0.531136 0.437049 0.537244 0.438712 0.534489 0.456701
5 0.068165 0.620349 0.067904 0.613239 0.082487 0.612290 0.082747 0.619400
12 0.211211 0.352361 0.213609 0.323545 0.242695 0.327847 0.240297 0.356663
3 0.280162 0.612418 0.286609 0.462838 0.310463 0.464666 0.304016 0.614245
12 0.546555 0.525825 0.551067 0.486921 0.613862 0.499870 0.609350 0.538774
