6 0.585511 0.704330 0.584837 0.663411 0.597822 0.663031 0.598496 0.703950
6 0.075684 0.552875 0.075400 0.535778 0.114420 0.534625 0.114704 0.551722
7 0.671506 0.297584 0.670461 0.279147 0.701411 0.276028 0.702456 0.294465
2 0.524426 0.798495 0.524280 0.748799 0.538074 0.748727 0.538220 0.798423
6 0.599539 0.232770 0.599354 0.182597 0.612961 0.182508 0.613146 0.232681
8 0.600311 0.402527 0.600275 0.354437 0.614793 0.354417 0.614829 0.402508
0 0.598556 0.860523 0.596884 0.836385 0.605611 0.835310 0.607283 0.859448
0 0.602328 0.642968 0.601761 0.617806 0.610693 0.617448 0.611260 0.642611
6 0.616911 0.688754 0.616586 0.636412 0.631527 0.636246 0.631852 0.688588
8 0.657793 0.126454 0.657237 0.106285 0.691166 0.104622 0.691722 0.124791
3 0.263413 0.306099 0.260279 0.248525 0.282941 0.246332 0.286075 0.303906
6 0.610518 0.478002 0.610568 0.427525 0.626461 0.427553 0.626411 0.478030
8 0.467632 0.136251 0.464112 0.097953 0.477941 0.095693 0.481461 0.133992
6 0.515119 0.309965 0.515825 0.268483 0.528110 0.268855 0.527404 0.310337
8 0.562472 0.158556 0.562536 0.110162 0.576330 0.110194 0.576266 0.158588
0 0.492095 0.260245 0.489862 0.236100 0.499312 0.234547 0.501544 0.258691
7 0.669396 0.189283 0.667291 0.170371 0.694145 0.165057 0.696251 0.183969
2 0.694748 0.548398 0.684927 0.533070 0.737543 0.473130 0.747365 0.488458
5 0.475558 0.783370 0.476690 0.764616 0.482515 0.765241 0.481382 0.783995
6 0.605155 0.303036 0.605752 0.260553 0.617761 0.260852 0.617165 0.303336
5 0.531578 0.946501 0.531687 0.929824 0.537172 0.929888 0.537063 0.946565
5 0.582013 0.811949 0.581421 0.793270 0.587779 0.792912 0.588371 0.811591
5 0.529698 0.342757 0.528252 0.324019 0.534104 0.323216 0.535550 0.341954
5 0.580762 0.314938 0.579905 0.293886 0.586686 0.293395 0.587543 0.314447
0 0.472982 0.353657 0.474457 0.325535 0.485351 0.326551 0.483876 0.354673
0 0.800194 0.130563 0.799490 0.116293 0.819077 0.114575 0.819781 0.128846
5 0.545424 0.082388 0.545543 0.063541 0.552492 0.063619 0.552374 0.082466
0 0.067632 0.512086 0.067574 0.502690 0.085102 0.502497 0.085161 0.511893
8 0.402886 0.321417 0.401843 0.282683 0.414953 0.282055 0.415996 0.320789
8 0.595892 0.129860 0.592694 0.089110 0.606713 0.087154 0.609910 0.127904
0 0.033157 0.528549 0.032916 0.518040 0.051413 0.517284 0.051655 0.527793
6 0.612258 0.568201 0.610832 0.517238 0.625242 0.516521 0.626668 0.567484
0 0.828619 0.057489 0.826104 0.016915 0.841173 0.015255 0.843688 0.055828
6 0.602462 0.354346 0.601724 0.304356 0.615767 0.303987 0.616505 0.353978
10 0.824601 0.454438 0.821110 0.421234 0.861857 0.413618 0.865348 0.446822
6 0.793002 0.759165 0.793165 0.738854 0.834602 0.739446 0.834439 0.759757
6 0.598813 0.174155 0.598973 0.130970 0.611604 0.131053 0.611443 0.174238
5 0.573982 0.552482 0.573482 0.528359 0.581226 0.528074 0.581726 0.552197
5 0.520667 0.840342 0.519893 0.821185 0.525687 0.820770 0.526461 0.839926
0 0.583071 0.089653 0.583500 0.064573 0.592970 0.064861 0.592542 0.089941
5 0.559327 0.095002 0.558301 0.072257 0.565673 0.071665 0.566699 0.094410
6 0.361469 0.638531 0.364158 0.618902 0.402073 0.628135 0.399383 0.647765
6 0.618691 0.744648 0.617940 0.693226 0.632350 0.692852 0.633101 0.744274
0 0.449081 0.638997 0.453770 0.629291 0.469669 0.642947 0.464980 0.652653
0 0.414491 0.452200 0.414846 0.433803 0.438243 0.434606 0.437888 0.453003
