6 0.473805 0.864598 0.466802 0.791232 0.484789 0.788180 0.491792 0.861546
8 0.197303 0.257482 0.208373 0.241544 0.241499 0.282449 0.230429 0.298387
0 0.431290 0.977326 0.427657 0.936248 0.443320 0.933785 0.446953 0.974863
12 0.155959 0.206689 0.167149 0.189209 0.207062 0.234631 0.195872 0.252111
12 0.505958 0.583033 0.481559 0.523553 0.498209 0.511411 0.522608 0.570891
8 0.112962 0.230272 0.126679 0.211521 0.159955 0.254798 0.146238 0.273549
0 0.654899 0.710830 0.650316 0.684178 0.661247 0.680837 0.665829 0.707489
4 0.110445 0.153114 0.121591 0.137255 0.155700 0.179872 0.144555 0.195731
1 0.444244 0.406802 0.452180 0.394392 0.472813 0.417851 0.464877 0.430260
0 0.462033 0.400785 0.467825 0.388388 0.487967 0.405118 0.482175 0.417515
5 0.401003 0.245378 0.396227 0.224451 0.403164 0.221636 0.407940 0.242563
0 0.218942 0.087717 0.230326 0.070955 0.249026 0.093533 0.237643 0.110295
0 0.536668 0.733033 0.531816 0.702637 0.542498 0.699606 0.547350 0.730001
5 0.375136 0.294778 0.382257 0.277165 0.388926 0.281958 0.381806 0.299571
1 0.353150 0.247445 0.360343 0.237280 0.372762 0.252902 0.365568 0.263068
