0 0.673549 0.512040 0.665492 0.485018 0.676971 0.478932 0.685029 0.505955
7 0.799883 0.738562 0.789506 0.696921 0.803762 0.690604 0.814140 0.732246
0 0.669104 0.332562 0.662481 0.309568 0.671521 0.304938 0.678144 0.327932
12 0.257848 0.885141 0.238793 0.853608 0.296840 0.791248 0.315895 0.822781
0 0.762952 0.563168 0.764520 0.538648 0.772985 0.539610 0.771418 0.564130
0 0.638591 0.382696 0.634573 0.361532 0.644221 0.358276 0.648240 0.379440
5 0.683871 0.406215 0.680956 0.386621 0.688004 0.384757 0.690919 0.404351
5 0.770705 0.640143 0.768627 0.621456 0.774608 0.620274 0.776686 0.638960
0 0.600045 0.258055 0.592481 0.229419 0.602038 0.224931 0.609602 0.253567
6 0.631952 0.041422 0.634007 0.000000 0.654506 0.000310 0.652451 0.043169
6 0.621334 0.328232 0.610337 0.277939 0.620853 0.273851 0.631850 0.324144
12 0.325692 0.809544 0.304226 0.774584 0.357120 0.716845 0.378586 0.751805
2 0.721132 0.634357 0.711569 0.597113 0.725743 0.590643 0.735306 0.627887
0 0.639543 0.254030 0.639624 0.231678 0.648478 0.231734 0.648397 0.254086
6 0.773666 0.817598 0.761391 0.768977 0.777896 0.761569 0.790171 0.810190
0 0.618598 0.260968 0.614703 0.239272 0.623068 0.236602 0.626964 0.258297
5 0.628449 0.247934 0.627799 0.234768 0.632489 0.234357 0.633138 0.247523
5 0.628966 0.414904 0.629380 0.398702 0.635618 0.398985 0.635204 0.415187
7 0.707660 0.666239 0.697322 0.632323 0.710049 0.625427 0.720386 0.659344
6 0.707501 0.593689 0.699856 0.560428 0.713333 0.554922 0.720977 0.588183
