8 0.214140 0.107548 0.187480 0.060206 0.202787 0.044883 0.229447 0.092224
12 0.400749 0.565111 0.370170 0.509917 0.385710 0.494611 0.416288 0.549805
7 0.420319 0.377979 0.392352 0.329017 0.406764 0.314382 0.434731 0.363345
2 0.419039 0.751504 0.388804 0.697538 0.403877 0.682524 0.434113 0.736490
7 0.458262 0.230932 0.424795 0.176481 0.439524 0.160387 0.472991 0.214838
0 0.423498 0.119233 0.405985 0.090223 0.416737 0.078684 0.434249 0.107694
1 0.635798 0.884237 0.618109 0.853673 0.629306 0.842152 0.646996 0.872716
12 0.329124 0.341481 0.297726 0.289988 0.312022 0.274491 0.343420 0.325984
0 0.534040 0.317169 0.516403 0.286633 0.525855 0.276928 0.543493 0.307464
5 0.610748 0.457002 0.620242 0.434617 0.626752 0.439526 0.617258 0.461911
0 0.887050 0.926408 0.866892 0.889873 0.880658 0.876370 0.900816 0.912904
0 0.502413 0.256940 0.491103 0.236567 0.507743 0.220144 0.519053 0.240517
12 0.335642 0.224354 0.305425 0.170478 0.318525 0.157417 0.348741 0.211293
12 0.778611 0.998352 0.739786 0.932606 0.754722 0.916925 0.793547 0.982672
0 0.471806 0.203937 0.452614 0.169961 0.465694 0.156827 0.484886 0.190803
0 0.787599 0.762435 0.774982 0.740167 0.785839 0.729231 0.798456 0.751500
5 0.468596 0.361248 0.457862 0.341308 0.463435 0.335974 0.474169 0.355914
2 0.024136 0.532628 0.000000 0.460350 0.009849 0.442372 0.044956 0.514650
2 0.182924 0.319932 0.137124 0.249716 0.151972 0.232499 0.197772 0.302714
2 0.052810 0.532125 0.018044 0.464026 0.035992 0.447736 0.070758 0.515835
5 0.568218 0.599215 0.556676 0.581710 0.561730 0.575785 0.573272 0.593290
1 0.778563 0.776253 0.762196 0.753793 0.770916 0.742497 0.787283 0.764957
0 0.744890 0.684840 0.734091 0.664403 0.752506 0.647104 0.763305 0.667541
0 0.692052 0.625021 0.673284 0.600732 0.682427 0.588173 0.701195 0.612463
0 0.683486 0.555017 0.673104 0.526952 0.683701 0.519983 0.694084 0.548048
0 0.400871 0.084575 0.378682 0.048439 0.390080 0.035998 0.412268 0.072134
0 0.830247 0.868752 0.812541 0.846214 0.820274 0.835415 0.837980 0.857952
5 0.664238 0.531849 0.659377 0.524435 0.674304 0.507040 0.679164 0.514454
10 0.450105 0.864954 0.398925 0.769686 0.421379 0.748240 0.472560 0.843509
5 0.396164 0.163800 0.388739 0.145075 0.393941 0.141408 0.401365 0.160133
12 0.920379 0.998337 0.887176 0.949542 0.901496 0.932218 0.934699 0.981014
5 0.696976 0.587213 0.693721 0.579820 0.709274 0.567648 0.712529 0.575041
2 0.077165 0.535288 0.045443 0.467393 0.063720 0.452212 0.095442 0.520107
5 0.444138 0.519373 0.429305 0.493873 0.436070 0.486877 0.450903 0.512377
5 0.643701 0.464789 0.640144 0.457434 0.656299 0.443545 0.659856 0.450899
5 0.359165 0.106573 0.343909 0.079892 0.351773 0.071899 0.367028 0.098580
0 0.844798 0.926724 0.825615 0.901946 0.833327 0.891331 0.852510 0.916110
11 0.070396 1.000000 0.020887 0.935760 0.251479 0.739823 0.300988 0.843407
12 0.239753 0.022460 0.229561 0.000000 0.248007 0.000000 0.258199 0.007943
12 0.203697 0.002358 0.212546 0.000000 0.235105 0.021687 0.226256 0.033195
6 0.715374 0.656026 0.704185 0.634496 0.738272 0.603002 0.749461 0.624532
8 0.360180 0.282442 0.334467 0.233117 0.349195 0.219468 0.374908 0.268792
2 0.331957 0.120084 0.297651 0.066227 0.309709 0.052572 0.344015 0.106429
5 0.823830 0.820049 0.821232 0.811689 0.839712 0.801479 0.842310 0.809839
12 0.450994 0.644976 0.420449 0.590236 0.434944 0.575857 0.465489 0.630598
0 0.448630 0.161211 0.422827 0.119768 0.432620 0.108928 0.458423 0.150371
