7 0.503162 0.678221 0.502545 0.664650 0.526004 0.662752 0.526622 0.676323
7 0.355592 0.691327 0.343740 0.667591 0.352220 0.660062 0.364073 0.683798
7 0.009861 0.692853 0.009388 0.661653 0.021975 0.661314 0.022448 0.692514
7 0.076122 0.694776 0.065911 0.668419 0.077003 0.660780 0.087214 0.687137
8 0.145201 0.542885 0.145431 0.530671 0.167820 0.531420 0.167590 0.543635
8 0.850383 0.928364 0.849767 0.896995 0.860033 0.896636 0.860650 0.928005
13 0.151557 0.656603 0.151838 0.643848 0.175786 0.644786 0.175505 0.657541
13 0.615082 0.897841 0.613366 0.862759 0.623460 0.861881 0.625176 0.896963
7 0.176192 0.688075 0.190554 0.665418 0.198547 0.674425 0.184186 0.697082
8 0.031619 0.685159 0.032525 0.656669 0.041949 0.657202 0.041042 0.685692
7 0.717474 0.694400 0.713793 0.683401 0.727839 0.675045 0.731520 0.686044
0 0.330137 0.556726 0.330777 0.545398 0.351113 0.547440 0.350473 0.558769
13 0.560331 0.934315 0.571081 0.901786 0.580554 0.907352 0.569804 0.939881
7 0.849074 0.895821 0.848326 0.861569 0.859780 0.861124 0.860528 0.895376
7 0.040892 0.691797 0.041287 0.659987 0.054876 0.660287 0.054481 0.692096
5 0.024228 0.554036 0.024513 0.547559 0.039640 0.548741 0.039355 0.555219
7 0.292003 0.568336 0.293003 0.556847 0.314247 0.560136 0.313247 0.571625
13 0.998228 0.820929 0.983225 0.797260 0.991355 0.788099 1.000000 0.811768
8 0.323810 0.649099 0.323814 0.637001 0.344419 0.637012 0.344415 0.649110
13 0.114288 0.675932 0.110443 0.664140 0.132847 0.651151 0.136692 0.662943
5 0.409103 0.983541 0.409888 0.968767 0.414856 0.969236 0.414071 0.984011
5 0.303079 0.701396 0.304017 0.687597 0.308901 0.688187 0.307962 0.701987
5 0.849340 0.573412 0.849301 0.567683 0.859514 0.567560 0.859553 0.573289
13 0.339137 0.809132 0.337777 0.778499 0.348232 0.777674 0.349593 0.808306
5 0.333742 0.575046 0.336092 0.569383 0.346467 0.577037 0.344117 0.582700
0 0.348348 0.770287 0.345982 0.736493 0.355819 0.735269 0.358185 0.769063
8 0.712454 0.712929 0.711596 0.700787 0.732338 0.698182 0.733196 0.710324
8 0.789090 0.688740 0.791521 0.677671 0.813514 0.686260 0.811083 0.697329
8 0.601051 0.942780 0.601622 0.929097 0.624991 0.930831 0.624420 0.944514
5 0.061472 0.516156 0.061374 0.509208 0.075767 0.508844 0.075866 0.515792
5 0.356495 0.587298 0.347176 0.578902 0.349755 0.573813 0.359074 0.582209
12 0.346161 0.636041 0.347427 0.619580 0.372329 0.622987 0.371062 0.639447
6 0.716403 0.892406 0.716240 0.878627 0.725785 0.878427 0.725947 0.892206
7 1.000000 0.848385 0.986417 0.828594 0.993707 0.819671 1.000000 0.839462
7 0.172046 0.672655 0.182793 0.646087 0.191496 0.652345 0.180748 0.678913
8 0.601579 0.998993 0.601744 0.985236 0.624983 0.985729 0.624819 0.999486
5 0.164399 0.558699 0.164314 0.551349 0.180132 0.551023 0.180217 0.558373
8 0.123894 0.547807 0.119419 0.536601 0.139518 0.522332 0.143993 0.533538
0 0.087451 0.623129 0.087517 0.614855 0.102392 0.615066 0.102327 0.623339
6 0.315198 0.920755 0.318040 0.887376 0.328552 0.888967 0.325710 0.922346
7 0.000000 0.688727 0.000000 0.659763 0.010088 0.660579 0.008790 0.689542
13 0.995874 0.758045 0.994885 0.725563 0.999959 0.725288 1.000000 0.757770
5 0.414525 0.860015 0.414487 0.845562 0.419329 0.845540 0.419367 0.859993
7 0.950063 0.699572 0.955601 0.689607 0.970770 0.704594 0.965233 0.714559
0 0.182671 0.041454 0.182914 0.008469 0.195454 0.008633 0.195211 0.041618
0 0.478942 0.495968 0.478943 0.487363 0.489287 0.487366 0.489286 0.495970
6 0.427038 0.957105 0.427341 0.923296 0.437025 0.923451 0.436721 0.957259
