8 0.459197 0.606044 0.453572 0.541591 0.474136 0.538401 0.479761 0.602853
6 0.502292 0.136319 0.495193 0.061219 0.514636 0.057952 0.521734 0.133052
7 0.692427 0.495122 0.690286 0.467863 0.743511 0.460433 0.745651 0.487693
6 0.525228 0.282608 0.521235 0.238899 0.542481 0.235448 0.546474 0.279157
0 0.785218 0.502779 0.784805 0.486925 0.817386 0.485416 0.817799 0.501270
0 0.922287 0.490690 0.917960 0.456693 0.937088 0.452365 0.941415 0.486363
6 0.517066 0.612692 0.510334 0.538624 0.531371 0.535225 0.538104 0.609292
12 0.370862 0.778322 0.358340 0.626110 0.388643 0.621678 0.401165 0.773890
8 0.577179 0.039479 0.575305 0.000000 0.596780 0.000000 0.598653 0.037678
1 0.684604 0.613168 0.679627 0.573881 0.696125 0.570165 0.701103 0.609452
7 0.605935 0.354208 0.598971 0.280966 0.622190 0.277042 0.629154 0.350284
12 0.072060 0.682982 0.068199 0.557567 0.174685 0.551740 0.178545 0.677155
0 0.590473 0.545682 0.578673 0.520968 0.587652 0.513346 0.599452 0.538060
7 0.707491 0.581677 0.714809 0.564770 0.741988 0.585684 0.734670 0.602591
5 0.919214 0.581318 0.912297 0.554863 0.921411 0.550627 0.928328 0.577082
6 0.621237 0.491118 0.613437 0.417193 0.635534 0.413048 0.643334 0.486973
0 0.453332 0.098626 0.445306 0.059706 0.459038 0.054672 0.467064 0.093592
0 0.813258 0.448284 0.810242 0.432312 0.835179 0.423938 0.838196 0.439911
0 0.686384 0.554321 0.684055 0.539174 0.713616 0.531096 0.715945 0.546243
0 0.845226 0.392907 0.840805 0.373401 0.873524 0.360218 0.877945 0.379724
5 0.712447 0.654317 0.711305 0.645121 0.730783 0.640822 0.731924 0.650018
7 0.616904 0.701088 0.610687 0.634764 0.629971 0.631551 0.636188 0.697875
