0 0.576085 0.856393 0.576234 0.821281 0.590060 0.821385 0.589912 0.856497
0 0.566324 0.067886 0.565654 0.033652 0.577426 0.033243 0.578096 0.067476
7 0.452464 1.000000 0.436824 0.961957 0.450140 0.952336 0.465780 0.990821
7 0.433304 0.144010 0.434075 0.103463 0.447165 0.103906 0.446393 0.144453
8 0.409198 0.949775 0.416499 0.934030 0.442885 0.955780 0.435585 0.971526
5 0.580272 0.547720 0.580133 0.529437 0.585614 0.529363 0.585753 0.547646
7 0.433111 0.232106 0.433116 0.193933 0.445535 0.193936 0.445529 0.232109
13 0.405683 0.502771 0.406176 0.461544 0.418797 0.461812 0.418303 0.503040
5 0.546762 0.653990 0.546550 0.630858 0.554280 0.630732 0.554492 0.653864
1 0.423336 0.735920 0.422517 0.723162 0.441247 0.721025 0.442066 0.733782
7 0.360524 0.708936 0.363946 0.692355 0.392601 0.702869 0.389179 0.719451
0 0.428971 0.084118 0.428156 0.054972 0.437435 0.054510 0.438250 0.083657
7 0.378268 0.930126 0.384150 0.912844 0.411836 0.929597 0.405954 0.946878
1 0.446298 0.629265 0.442634 0.604636 0.452660 0.601985 0.456324 0.626614
1 0.439428 0.732872 0.450992 0.711913 0.459140 0.719906 0.447576 0.740865
12 0.244276 0.785396 0.255965 0.706363 0.282026 0.713215 0.270337 0.792248
5 0.562355 0.726034 0.561207 0.703864 0.569156 0.703133 0.570303 0.725302
7 0.567438 0.400606 0.565600 0.359772 0.578135 0.358769 0.579973 0.399603
0 0.567932 0.240789 0.568185 0.199015 0.579984 0.199142 0.579732 0.240916
5 0.460094 0.548377 0.459580 0.530399 0.465557 0.530095 0.466071 0.548073
7 0.466571 0.999589 0.462501 0.956702 0.475096 0.954577 0.479166 0.997465
0 0.989506 0.700357 0.990272 0.636910 1.000000 0.637143 1.000000 0.700590
1 0.421663 0.449169 0.423045 0.437794 0.441618 0.441803 0.440237 0.453179
3 0.225819 0.229369 0.243458 0.039675 0.299442 0.048930 0.281803 0.238623
0 0.434455 0.547807 0.436199 0.501381 0.448358 0.502193 0.446614 0.548619
1 0.574298 0.519462 0.573945 0.479360 0.587421 0.479149 0.587774 0.519251
