13 0.709933 0.031359 0.709249 0.015130 0.735379 0.013172 0.736064 0.029401
7 0.466939 0.164627 0.466101 0.136567 0.475509 0.136068 0.476347 0.164127
7 0.338829 0.910591 0.338524 0.895851 0.362669 0.894964 0.362973 0.909705
7 0.277225 0.915343 0.276340 0.901155 0.299859 0.898546 0.300744 0.912733
8 0.340630 0.944650 0.340276 0.931420 0.362722 0.930350 0.363077 0.943580
13 0.339953 0.928861 0.339510 0.914094 0.363693 0.912806 0.364136 0.927572
8 0.430796 0.464311 0.430391 0.452214 0.451366 0.450966 0.451771 0.463064
7 0.428093 0.532258 0.428538 0.520706 0.446125 0.521909 0.445681 0.533460
0 0.275155 0.861659 0.274620 0.847180 0.303491 0.845285 0.304026 0.859764
8 0.565416 0.827547 0.564037 0.796873 0.574167 0.796064 0.575546 0.826738
7 0.279994 0.950677 0.279006 0.935619 0.304381 0.932657 0.305369 0.947714
7 0.430924 0.483181 0.430579 0.469886 0.451888 0.468903 0.452233 0.482198
7 0.278575 0.879602 0.277777 0.865863 0.301112 0.863454 0.301910 0.877193
5 0.481477 0.769968 0.482482 0.753028 0.488315 0.753643 0.487310 0.770583
7 0.274165 0.933406 0.273532 0.918542 0.299272 0.916594 0.299905 0.931458
7 0.274450 0.896475 0.274395 0.881469 0.300029 0.881302 0.300084 0.896309
5 0.529627 0.519341 0.529359 0.503731 0.534436 0.503576 0.534704 0.519186
7 0.429871 0.549927 0.430252 0.538719 0.445780 0.539656 0.445399 0.550864
12 0.341805 0.281084 0.284556 0.199627 0.302466 0.177250 0.359715 0.258706
5 0.477673 0.523045 0.476814 0.509388 0.481181 0.508900 0.482040 0.522556
7 0.805879 0.018117 0.804700 0.005454 0.825891 0.001946 0.827071 0.014609
8 0.341007 0.890961 0.340679 0.878111 0.363127 0.877094 0.363455 0.889945
6 0.572837 0.755227 0.567845 0.725316 0.577163 0.722551 0.582155 0.752462
7 0.756408 0.359074 0.755614 0.345856 0.779009 0.343357 0.779803 0.356574
0 0.882971 0.483540 0.883760 0.468929 0.908695 0.471322 0.907907 0.485932
0 0.676636 0.086470 0.676190 0.058742 0.684822 0.058495 0.685269 0.086223
5 0.537579 0.763567 0.537535 0.751045 0.542109 0.751017 0.542152 0.763538
13 0.432931 0.342430 0.433588 0.329265 0.455220 0.331181 0.454563 0.344346
7 0.432248 0.501987 0.431805 0.488914 0.453690 0.487596 0.454133 0.500669
0 0.758151 0.250096 0.757888 0.238056 0.774661 0.237404 0.774925 0.249444
5 0.525475 0.332075 0.525337 0.319045 0.529473 0.318967 0.529611 0.331997
13 0.940346 0.052327 0.938801 0.038307 0.962779 0.033610 0.964324 0.047631
0 0.430733 0.433847 0.430353 0.421510 0.452079 0.420319 0.452460 0.432657
13 0.427870 0.138489 0.432358 0.127083 0.451297 0.140331 0.446809 0.151736
5 0.520853 0.187605 0.520597 0.175044 0.524720 0.174895 0.524976 0.187456
1 0.549466 0.242375 0.549300 0.231006 0.567201 0.230542 0.567366 0.241911
5 0.470647 0.035169 0.468450 0.018883 0.474665 0.017392 0.476862 0.033678
0 0.674553 0.118671 0.674633 0.093780 0.683260 0.093829 0.683179 0.118720
13 0.760698 0.382404 0.759777 0.369965 0.783052 0.366901 0.783973 0.379341
7 0.420341 0.516528 0.420655 0.504773 0.440076 0.505695 0.439762 0.517449
5 0.572376 0.525748 0.572039 0.520581 0.582311 0.519390 0.582648 0.524558
0 0.443173 0.583540 0.440904 0.566070 0.448233 0.564377 0.450502 0.581847
0 0.447262 0.246247 0.447049 0.216713 0.455863 0.216600 0.456076 0.246134
5 0.533873 0.471096 0.533424 0.454874 0.539044 0.454598 0.539492 0.470820
