8 0.684899 0.449210 0.681175 0.423469 0.730206 0.410859 0.733930 0.436600
6 0.473857 0.869833 0.493722 0.796797 0.513904 0.806556 0.494039 0.879592
2 0.710232 0.530598 0.703716 0.464019 0.724664 0.460374 0.731180 0.526953
0 0.876451 0.410159 0.874084 0.375712 0.889174 0.373868 0.891541 0.408316
12 0.916338 0.843622 0.917953 0.783113 0.939912 0.784156 0.938297 0.844664
6 0.428036 0.149695 0.413590 0.092934 0.430298 0.085375 0.444743 0.142135
5 0.474589 0.070844 0.472831 0.047218 0.480099 0.046257 0.481857 0.069882
8 0.498914 0.382383 0.492681 0.316761 0.512284 0.313451 0.518517 0.379072
5 0.652746 0.691957 0.652390 0.664487 0.660795 0.664293 0.661152 0.691763
2 0.687171 0.804125 0.691992 0.739165 0.711266 0.741708 0.706445 0.806668
5 0.661871 0.331775 0.662251 0.304826 0.670420 0.305031 0.670041 0.331979
0 0.736056 0.878171 0.736948 0.843578 0.747278 0.844051 0.746385 0.878645
6 0.475373 0.229346 0.464111 0.148701 0.485825 0.143310 0.497086 0.223956
0 0.477728 0.034954 0.480944 0.004394 0.493105 0.006669 0.489889 0.037229
7 0.822522 0.928064 0.810713 0.902030 0.856644 0.864991 0.868453 0.891025
12 0.308613 0.099925 0.297763 0.000363 0.325242 0.000000 0.336091 0.094602
6 0.514762 0.163524 0.507021 0.091254 0.521176 0.088559 0.528916 0.160829
6 0.504523 0.541694 0.500039 0.471593 0.519175 0.469417 0.523659 0.539518
8 0.551849 0.073729 0.542505 0.007353 0.559349 0.003138 0.568693 0.069513
