0 0.561211 0.142734 0.560836 0.109556 0.571080 0.109350 0.571456 0.142527
5 0.582742 0.148527 0.581057 0.126746 0.588091 0.125778 0.589776 0.147560
5 0.574096 0.063446 0.573199 0.040256 0.580331 0.039766 0.581228 0.062956
0 0.707692 0.824978 0.700919 0.793139 0.712100 0.788911 0.718872 0.820750
6 0.678749 0.721917 0.672047 0.666557 0.689481 0.662805 0.696182 0.718165
0 0.439489 0.652610 0.434001 0.595174 0.449574 0.592529 0.455061 0.649964
5 0.647966 0.952838 0.649752 0.926622 0.658805 0.927718 0.657019 0.953934
0 0.606316 0.946483 0.601906 0.917473 0.612434 0.914628 0.616844 0.943639
5 0.702030 0.070944 0.711106 0.052358 0.717762 0.058136 0.708686 0.076722
5 0.768406 0.107686 0.770005 0.091134 0.775865 0.092140 0.774266 0.108692
5 0.907834 0.045963 0.908794 0.037481 0.925499 0.040843 0.924539 0.049324
11 0.000000 0.934099 0.004202 0.899413 0.072058 0.999234 0.043357 1.000000
0 0.652601 0.690700 0.650391 0.662293 0.661982 0.660689 0.664193 0.689096
0 0.630026 0.402412 0.629449 0.372929 0.639244 0.372588 0.639821 0.402071
5 0.623659 0.052446 0.625343 0.023845 0.634154 0.024767 0.632469 0.053369
5 0.704300 0.168348 0.705925 0.159595 0.722783 0.165159 0.721158 0.173912
5 0.624067 0.272147 0.626470 0.242240 0.636350 0.243652 0.633947 0.273559
0 0.410174 0.019056 0.409520 0.000000 0.424722 0.000000 0.425376 0.018131
10 0.985311 0.520480 0.989705 0.481464 1.000000 0.484381 0.999878 0.523397
3 0.993250 0.280012 0.995954 0.248490 1.000000 0.249502 0.999880 0.281023
0 0.624979 1.000000 0.617510 0.979348 0.627104 0.974109 0.634574 0.998430
