2 0.366280 0.251848 0.392696 0.205130 0.405270 0.217770 0.378854 0.264488
6 0.796482 0.078047 0.818858 0.033046 0.831643 0.044348 0.809267 0.089350
0 0.467578 0.791082 0.478619 0.768972 0.486849 0.776279 0.475808 0.798389
8 0.468837 0.840731 0.493407 0.801930 0.504861 0.814824 0.480291 0.853625
5 0.536246 0.556797 0.544901 0.539243 0.550212 0.543898 0.541557 0.561452
12 0.804412 0.363902 0.822084 0.328698 0.868505 0.370126 0.850833 0.405329
5 0.372322 0.837342 0.383262 0.814625 0.390699 0.820992 0.379759 0.843708
11 0.120685 1.000000 0.106044 0.977284 0.178534 0.898704 0.193175 0.922716
5 0.447084 0.804033 0.454982 0.786031 0.460598 0.790412 0.452700 0.808413
5 0.448537 0.654421 0.456159 0.636971 0.461880 0.641413 0.454258 0.658863
0 0.560423 0.607906 0.569720 0.588580 0.577077 0.594872 0.567780 0.614198
5 0.360172 0.880189 0.369389 0.863259 0.374724 0.868422 0.365506 0.885352
5 0.392957 0.835252 0.405273 0.814374 0.412252 0.821693 0.399935 0.842570
5 0.513203 0.599611 0.525054 0.578503 0.532370 0.585805 0.520519 0.606914
0 0.426520 0.761053 0.439066 0.740251 0.446917 0.748669 0.434372 0.769471
5 0.690559 0.372827 0.700381 0.354392 0.706837 0.360507 0.697014 0.378941
5 0.671435 0.515961 0.678610 0.498611 0.684294 0.502789 0.677119 0.520139
5 0.438437 0.859150 0.449755 0.840626 0.456355 0.847794 0.445037 0.866319
5 0.493508 0.751895 0.504444 0.732884 0.511179 0.739772 0.500243 0.758782
5 0.747915 0.259157 0.757228 0.245253 0.761981 0.250913 0.752668 0.264816
5 0.800646 0.170916 0.816473 0.151161 0.822791 0.160160 0.806964 0.179915
0 0.589157 0.426347 0.601957 0.400273 0.610843 0.408028 0.598043 0.434102
12 0.975878 0.417875 0.998913 0.377871 1.000000 0.402612 1.000000 0.442615
5 0.634432 0.350181 0.643983 0.329760 0.650985 0.335582 0.641434 0.356004
5 0.564103 0.482889 0.574329 0.463294 0.580688 0.469194 0.570463 0.488789
5 0.580915 0.581092 0.589353 0.565688 0.594085 0.570297 0.585647 0.585700
5 0.645867 0.351529 0.656000 0.331534 0.662467 0.337360 0.652333 0.357355
0 0.762403 0.240457 0.777086 0.215767 0.784993 0.224126 0.770310 0.248817
5 0.621385 0.551291 0.630291 0.528725 0.637990 0.534126 0.629084 0.556692
5 0.741655 0.169603 0.752911 0.149936 0.759387 0.156525 0.748131 0.176192
2 0.667253 0.305900 0.683095 0.270312 0.694726 0.279516 0.678884 0.315105
0 0.118031 0.909471 0.103985 0.888314 0.112698 0.878029 0.126745 0.899186
5 0.662997 0.343894 0.671206 0.327119 0.676587 0.331800 0.668377 0.348575
5 0.574281 0.452523 0.584911 0.432406 0.591344 0.438449 0.580714 0.458567
8 0.717937 0.374248 0.738904 0.332480 0.752376 0.344502 0.731408 0.386270
5 0.586095 0.630650 0.597001 0.610181 0.603748 0.616572 0.592842 0.637041
7 0.706436 0.313938 0.726640 0.281359 0.737835 0.293701 0.717631 0.326280
12 0.517069 0.511608 0.536398 0.474762 0.548035 0.485614 0.528706 0.522461
3 0.896855 0.658847 0.930146 0.592249 0.978145 0.634903 0.944854 0.701501
12 0.988445 0.578951 0.999800 0.555896 1.000000 0.566188 1.000000 0.589243
5 0.411906 0.890362 0.423996 0.872785 0.430282 0.880471 0.418191 0.898048
11 0.095090 0.963479 0.083637 0.942465 0.132775 0.894854 0.144228 0.915868
0 0.490152 0.614051 0.504499 0.590616 0.512973 0.599837 0.498626 0.623273
0 0.649447 0.306401 0.660203 0.281829 0.670865 0.290127 0.660109 0.314698
5 0.631071 0.301293 0.639142 0.286177 0.643929 0.290721 0.635858 0.305837
0 0.780064 0.259875 0.808470 0.209941 0.820978 0.222590 0.792571 0.272524
0 0.310301 0.988819 0.324845 0.964313 0.332407 0.972292 0.317863 0.996798
0 0.577188 0.610077 0.588559 0.586388 0.596770 0.593396 0.585399 0.617084
5 0.310251 0.956383 0.320504 0.940461 0.325687 0.946395 0.315434 0.962317
12 0.237451 0.513338 0.251565 0.487256 0.293538 0.527634 0.279425 0.553716
5 0.620081 0.516807 0.631515 0.496043 0.638252 0.502638 0.626818 0.523402
5 0.765160 0.344601 0.762185 0.325233 0.768694 0.323455 0.771669 0.342823
5 0.628679 0.563748 0.640679 0.543201 0.647363 0.550141 0.635363 0.570688
5 0.421342 0.897110 0.429733 0.881714 0.434387 0.886224 0.425996 0.901620
2 0.527905 0.798041 0.617635 0.632387 0.640845 0.654737 0.551115 0.820391
