7 0.604109 0.312614 0.611470 0.288493 0.654225 0.311691 0.646863 0.335812
12 0.219525 0.727983 0.244421 0.667184 0.262507 0.680350 0.237610 0.741149
12 0.513486 0.233548 0.534269 0.174827 0.552139 0.186070 0.531356 0.244791
7 0.354562 0.665633 0.374427 0.609647 0.391597 0.620478 0.371732 0.676464
6 0.420713 0.490260 0.443880 0.430497 0.459105 0.440990 0.435938 0.500753
0 0.394170 0.425770 0.403376 0.400827 0.413642 0.407563 0.404437 0.432506
0 0.541969 0.391524 0.538765 0.355229 0.551260 0.353268 0.554464 0.389562
8 0.611048 0.285690 0.617821 0.263008 0.660827 0.285838 0.654054 0.308520
0 0.544792 0.504028 0.558066 0.470942 0.569791 0.479306 0.556517 0.512391
7 0.470737 0.642480 0.491407 0.578927 0.508430 0.588770 0.487760 0.652323
0 0.492976 0.647767 0.509566 0.606636 0.524732 0.617511 0.508143 0.658642
6 0.488291 0.436762 0.508462 0.375808 0.523688 0.384766 0.503517 0.445719
0 0.637096 0.178030 0.651572 0.142307 0.662383 0.150095 0.647907 0.185818
5 0.485002 0.530792 0.495136 0.503145 0.503800 0.508791 0.493666 0.536438
0 0.572816 0.183792 0.582532 0.154949 0.591767 0.160479 0.582051 0.189322
0 0.472756 0.707879 0.482130 0.685952 0.497557 0.697677 0.488183 0.719603
2 0.266790 0.384783 0.298590 0.300391 0.323314 0.316953 0.291514 0.401345
0 0.608526 0.357893 0.614061 0.340704 0.638349 0.354607 0.632814 0.371796
5 0.521514 0.307074 0.524885 0.298502 0.541246 0.309940 0.537875 0.318512
0 0.432818 0.788821 0.458840 0.740584 0.470176 0.751457 0.444155 0.799693
12 0.029292 0.944106 0.069360 0.846879 0.093039 0.864227 0.052971 0.961454
0 0.532231 0.547405 0.543852 0.514403 0.556051 0.522040 0.544429 0.555042
2 0.083448 0.411315 0.106488 0.344707 0.126057 0.356740 0.103017 0.423348
2 0.037005 0.392067 0.062921 0.317286 0.084936 0.330850 0.059019 0.405630
7 0.555458 0.009911 0.564426 0.000000 0.581781 0.001146 0.572814 0.022730
5 0.652709 0.187988 0.661668 0.163102 0.668645 0.167567 0.659686 0.192453
6 0.448125 0.419077 0.469714 0.359331 0.484948 0.369117 0.463359 0.428864
2 0.060613 0.401900 0.084694 0.331058 0.106575 0.344281 0.082494 0.415122
2 0.114777 0.260703 0.139945 0.194795 0.160744 0.208915 0.135576 0.274823
0 0.232657 0.820117 0.246252 0.784708 0.259530 0.793772 0.245935 0.829180
2 0.405571 0.350310 0.426528 0.291171 0.443908 0.302120 0.422951 0.361259
2 0.094192 0.243726 0.121798 0.173980 0.142526 0.188566 0.114920 0.258312
2 0.009499 0.380348 0.036381 0.301622 0.063223 0.317916 0.036340 0.396642
5 0.387330 0.716282 0.394163 0.693351 0.400886 0.696913 0.394053 0.719843
10 0.062515 0.843676 0.087664 0.783211 0.117042 0.804935 0.091893 0.865400
2 0.119254 0.431464 0.140927 0.366271 0.163559 0.379647 0.141886 0.444840
5 0.632316 0.170459 0.634914 0.154178 0.639559 0.155496 0.636961 0.171776
5 0.383385 0.941983 0.384151 0.932959 0.402943 0.935794 0.402178 0.944819
5 0.416919 0.703746 0.425872 0.675054 0.435295 0.680281 0.426341 0.708973
2 0.043311 0.199173 0.074997 0.123689 0.102522 0.144230 0.070836 0.219713
0 0.511443 0.599835 0.529157 0.553025 0.541421 0.561276 0.523708 0.608086
4 0.534170 0.176922 0.555684 0.113631 0.573903 0.124641 0.552389 0.187932
5 0.612512 0.163918 0.622764 0.135671 0.632279 0.141811 0.622028 0.170058
2 0.070653 0.223913 0.098882 0.150343 0.124660 0.167928 0.096430 0.241497
0 0.998764 0.652331 0.991158 0.621811 1.000000 0.617808 1.000000 0.648328
2 0.103578 0.420386 0.125263 0.356675 0.142515 0.367114 0.120830 0.430825
12 0.337465 0.555524 0.348664 0.525820 0.357848 0.531976 0.346648 0.561680
2 0.134564 0.275983 0.158035 0.213504 0.176895 0.226100 0.153424 0.288579
7 0.394172 0.549348 0.414966 0.493382 0.430177 0.503430 0.409383 0.559396
