12 0.330493 0.860304 0.285180 0.796832 0.302840 0.774418 0.348153 0.837891
1 0.573762 0.703053 0.573683 0.669915 0.585873 0.669863 0.585953 0.703001
12 0.384644 0.656323 0.398556 0.635997 0.453377 0.702705 0.439465 0.723031
12 0.320354 0.549741 0.278285 0.489766 0.292146 0.472481 0.334215 0.532457
0 0.584143 0.115909 0.585137 0.084731 0.595284 0.085306 0.594290 0.116485
7 0.911067 0.917298 0.886569 0.881648 0.899350 0.866035 0.923847 0.901685
12 0.232756 0.662858 0.197839 0.617225 0.212296 0.597558 0.247214 0.643191
5 0.638311 0.783784 0.638746 0.760418 0.646064 0.760661 0.645629 0.784026
12 0.240440 0.756224 0.256392 0.730982 0.294976 0.774332 0.279025 0.799573
0 0.644761 0.116359 0.645567 0.078527 0.656801 0.078953 0.655995 0.116785
12 0.328853 0.571957 0.343847 0.551380 0.399272 0.623182 0.384278 0.643759
2 0.649277 1.000000 0.648763 0.980365 0.666348 0.979586 0.666862 1.000000
12 0.455737 0.732443 0.443637 0.716537 0.492179 0.650890 0.504280 0.666797
10 0.394743 0.995098 0.378590 0.974071 0.430257 0.903513 0.446410 0.924540
12 0.445380 0.678852 0.403051 0.614276 0.419203 0.595454 0.461532 0.660029
5 0.006075 0.861004 0.007552 0.839435 0.015360 0.840385 0.013884 0.861954
12 0.471480 0.604310 0.430653 0.547789 0.443103 0.531801 0.483930 0.588323
5 0.018219 0.857134 0.015296 0.836315 0.022439 0.834532 0.025362 0.855351
0 0.635929 0.982562 0.643512 0.955019 0.654696 0.960493 0.647113 0.988036
5 0.026674 0.843542 0.020833 0.822405 0.027851 0.818958 0.033692 0.840095
12 0.984022 1.000000 0.991032 0.975503 1.000000 0.982711 0.998552 1.000000
5 0.041902 0.826547 0.034184 0.810434 0.039283 0.806092 0.047001 0.822205
12 0.410179 0.619284 0.344875 0.526003 0.361176 0.505716 0.426479 0.598997
0 0.228750 0.865568 0.216455 0.842130 0.226198 0.833043 0.238493 0.856482
7 0.872799 0.895560 0.886127 0.880212 0.912617 0.921106 0.899290 0.936455
12 0.339407 0.513584 0.284580 0.434341 0.297572 0.418361 0.352399 0.497604
12 0.267832 0.713685 0.235596 0.666357 0.250657 0.648120 0.282893 0.695448
1 0.875102 0.989158 0.862794 0.971405 0.890523 0.937231 0.902831 0.954984
0 0.672540 0.486445 0.672692 0.465450 0.687356 0.465638 0.687204 0.486633
7 0.964360 0.884906 0.994300 0.842968 1.000000 0.863705 0.980700 0.905643
4 0.437524 0.970548 0.459158 0.941941 0.499455 0.996119 0.477821 1.000000
