0 0.663189 0.413856 0.664150 0.385500 0.674832 0.386144 0.673871 0.414500
7 0.853955 0.573710 0.856130 0.551754 0.892920 0.558235 0.890745 0.580190
0 0.593202 0.521012 0.593600 0.491937 0.603673 0.492182 0.603275 0.521257
0 0.593410 0.677739 0.594045 0.648975 0.603465 0.649345 0.602830 0.678108
0 0.542016 0.412650 0.541644 0.377845 0.553036 0.377628 0.553408 0.412433
5 0.587820 0.259782 0.583961 0.239012 0.590826 0.236745 0.594684 0.257515
5 0.616278 0.341548 0.616087 0.319675 0.623305 0.319563 0.623496 0.341436
0 0.693959 0.475491 0.689672 0.444768 0.701353 0.441870 0.705640 0.472593
0 0.557417 0.108569 0.548942 0.087764 0.578520 0.066344 0.586995 0.087150
5 0.606965 0.900109 0.606964 0.876281 0.614390 0.876280 0.614391 0.900108
5 0.567764 0.128527 0.564943 0.119710 0.580152 0.111056 0.582974 0.119874
5 0.624356 0.918419 0.623141 0.896169 0.630332 0.895470 0.631547 0.917720
7 0.459661 0.111552 0.459545 0.088788 0.497110 0.088448 0.497226 0.111212
0 0.371976 0.071751 0.369785 0.013143 0.393258 0.011583 0.395449 0.070191
2 0.686287 0.798916 0.686451 0.739194 0.703818 0.739279 0.703653 0.799001
0 0.597139 0.303825 0.597854 0.276259 0.608069 0.276730 0.607354 0.304296
0 0.685112 0.672421 0.684908 0.644384 0.695617 0.644246 0.695821 0.672282
0 0.543634 0.463448 0.544347 0.440855 0.554283 0.441413 0.553570 0.464006
5 0.607588 0.211016 0.608847 0.187356 0.616891 0.188116 0.615633 0.211776
0 0.576109 0.044829 0.577148 0.012567 0.588214 0.013201 0.587175 0.045462
5 0.586673 0.103987 0.589468 0.082872 0.595879 0.084381 0.593084 0.105496
5 0.663512 0.553032 0.662429 0.527465 0.670863 0.526829 0.671946 0.552396
0 0.462192 0.184967 0.462423 0.172427 0.483120 0.173106 0.482889 0.185646
