7 0.602310 0.488095 0.595127 0.447209 0.608106 0.443155 0.615289 0.484041
5 0.667363 0.632587 0.663869 0.611036 0.670658 0.609080 0.674152 0.630630
8 0.574730 0.280009 0.566904 0.246255 0.578395 0.241519 0.586221 0.275273
5 0.660997 0.912787 0.659755 0.894873 0.665565 0.894157 0.666808 0.912071
5 0.675371 0.887788 0.670244 0.870655 0.675671 0.867768 0.680798 0.884901
5 0.654044 0.634202 0.651869 0.617800 0.657414 0.616493 0.659590 0.632894
5 0.567502 0.223871 0.562349 0.208069 0.567133 0.205296 0.572286 0.221097
5 0.629982 0.647083 0.628294 0.629605 0.634081 0.628612 0.635769 0.646089
1 0.687382 0.771209 0.682729 0.747395 0.692305 0.744068 0.696959 0.767883
7 0.587121 0.378475 0.578862 0.342356 0.589963 0.337844 0.598221 0.373963
5 0.640664 0.550150 0.637331 0.527337 0.644232 0.525544 0.647565 0.548358
5 0.744517 0.936225 0.739905 0.919307 0.745587 0.916553 0.750200 0.933471
1 0.706172 0.980838 0.703016 0.953381 0.714140 0.951107 0.717297 0.978564
5 0.629004 0.463688 0.627630 0.447537 0.632975 0.446729 0.634349 0.462880
5 0.691275 0.824389 0.688976 0.807410 0.694142 0.806167 0.696440 0.823145
12 0.377077 0.118912 0.367977 0.063408 0.388028 0.057564 0.397127 0.113068
5 0.651911 0.790682 0.647945 0.768830 0.655902 0.766263 0.659868 0.788115
0 0.879499 0.861253 0.874922 0.848451 0.892376 0.837358 0.896953 0.850160
5 0.802478 0.988355 0.803347 0.977250 0.820960 0.979701 0.820090 0.990806
5 0.611692 0.453597 0.610355 0.438150 0.615392 0.437375 0.616728 0.452822
0 0.630971 0.492318 0.626945 0.469861 0.634654 0.467404 0.638680 0.489862
5 0.585930 0.440177 0.583115 0.424005 0.588549 0.422323 0.591364 0.438495
0 0.091874 0.272505 0.087812 0.245128 0.102006 0.241384 0.106068 0.268761
0 0.649090 0.975223 0.648998 0.953999 0.656118 0.953944 0.656211 0.975168
