12 0.348771 0.079179 0.326928 0.018006 0.343417 0.007540 0.365259 0.068712
12 0.310489 0.117849 0.290133 0.054542 0.307740 0.044477 0.328096 0.107784
12 0.582239 0.611410 0.560443 0.547289 0.577136 0.537201 0.598932 0.601322
8 0.629175 0.763978 0.610382 0.701310 0.628638 0.691578 0.647431 0.754245
12 0.342487 0.203701 0.323954 0.144879 0.340325 0.135709 0.358858 0.194531
0 0.385763 0.187532 0.376481 0.159738 0.386502 0.153788 0.395785 0.181582
0 0.574681 0.178818 0.570917 0.152734 0.581569 0.150001 0.585333 0.176086
7 0.808483 0.926807 0.788684 0.863140 0.808184 0.852359 0.827983 0.916027
0 0.554217 0.186740 0.544766 0.160436 0.555158 0.153798 0.564609 0.180102
0 0.835945 1.000000 0.822029 0.960135 0.834889 0.952257 0.848804 0.992643
0 0.653911 0.696006 0.644703 0.663712 0.657027 0.657466 0.666234 0.689760
0 0.696700 0.576550 0.685114 0.543669 0.699654 0.534561 0.711240 0.567442
5 0.740514 0.846775 0.731880 0.820615 0.740215 0.815725 0.748849 0.841885
1 0.621132 0.411359 0.611149 0.382990 0.622097 0.376141 0.632080 0.404510
6 0.588254 0.287641 0.580141 0.265440 0.616955 0.241525 0.625067 0.263727
5 0.460080 0.194084 0.451878 0.173995 0.457889 0.169631 0.466091 0.189721
12 0.297232 0.376327 0.264525 0.271588 0.287664 0.258742 0.320371 0.363481
0 0.635085 0.474164 0.623176 0.445300 0.633144 0.437989 0.645053 0.466852
0 0.634381 0.403726 0.627420 0.381028 0.639577 0.374399 0.646539 0.397097
12 0.569987 0.253582 0.557254 0.219563 0.568555 0.212043 0.581288 0.246062
5 0.658234 0.470716 0.656919 0.460988 0.676141 0.456368 0.677456 0.466096
0 0.674352 0.537186 0.669483 0.523165 0.690752 0.510036 0.695621 0.524057
5 0.608761 0.472053 0.601051 0.442795 0.610510 0.438364 0.618220 0.467621
0 0.550192 0.150204 0.544649 0.134554 0.559183 0.125404 0.564726 0.141054
5 0.582832 0.220586 0.581019 0.212917 0.597116 0.206150 0.598929 0.213819
2 0.611252 0.695149 0.587194 0.627644 0.601248 0.618739 0.625306 0.686245
0 0.619720 0.359384 0.605165 0.332898 0.613614 0.324644 0.628168 0.351130
0 0.511953 0.079474 0.504415 0.050710 0.514609 0.045960 0.522148 0.074724
0 0.779399 0.786268 0.763870 0.747925 0.780497 0.735954 0.796026 0.774297
0 0.671043 0.895656 0.654979 0.841164 0.669582 0.833511 0.685646 0.888003
0 0.775553 0.978397 0.766851 0.946500 0.778093 0.941048 0.786795 0.972944
0 0.738867 0.705658 0.722307 0.662887 0.736133 0.653370 0.752693 0.696141
5 0.813774 0.819446 0.816159 0.794628 0.823206 0.795831 0.820820 0.820650
12 0.596561 0.347642 0.584509 0.321960 0.593022 0.314858 0.605074 0.340540
0 0.574822 0.296729 0.569368 0.275386 0.578303 0.271327 0.583757 0.292670
1 0.801372 0.774120 0.784577 0.739395 0.797066 0.728657 0.813860 0.763383
