6 0.520319 0.747844 0.518875 0.696578 0.532285 0.695906 0.533729 0.747172
6 0.513489 0.495734 0.512541 0.447096 0.526095 0.446627 0.527042 0.495265
8 0.489810 0.791493 0.489051 0.745020 0.502899 0.744618 0.503657 0.791091
13 0.004411 0.650139 0.004002 0.630366 0.040381 0.629027 0.040790 0.648801
6 0.513379 0.545578 0.513103 0.498314 0.526725 0.498172 0.527001 0.545436
6 0.498348 0.962191 0.498186 0.908720 0.512590 0.908642 0.512752 0.962114
8 0.279992 0.362048 0.278210 0.308325 0.293966 0.307396 0.295748 0.361120
7 0.271942 0.636460 0.271715 0.617104 0.309308 0.616318 0.309535 0.635673
8 0.003611 0.623373 0.003299 0.604769 0.038902 0.603710 0.039214 0.622314
1 0.611681 0.689211 0.613606 0.675716 0.634152 0.680928 0.632227 0.694423
6 0.522896 0.854112 0.520854 0.800926 0.533614 0.800055 0.535656 0.853241
0 0.699524 0.078471 0.698758 0.051516 0.709851 0.050956 0.710617 0.077911
7 0.004200 0.503626 0.004347 0.486201 0.034472 0.486652 0.034325 0.504077
5 0.626092 0.194639 0.625023 0.186764 0.640054 0.183139 0.641123 0.191014
13 0.069097 0.534311 0.068973 0.490778 0.086502 0.490689 0.086626 0.534222
7 0.000000 0.431750 0.000000 0.413213 0.033597 0.412000 0.033969 0.430537
8 0.164113 0.366990 0.161769 0.317479 0.179377 0.315997 0.181721 0.365507
8 0.002594 0.603281 0.001873 0.583013 0.037705 0.580747 0.038426 0.601015
0 0.440576 0.050945 0.440838 0.022714 0.451091 0.022883 0.450829 0.051114
5 0.748676 0.400881 0.750792 0.394180 0.763303 0.401202 0.761187 0.407903
5 0.723966 0.305396 0.727944 0.298800 0.739575 0.311271 0.735598 0.317866
0 0.509702 0.038532 0.499370 0.014661 0.509048 0.007215 0.519380 0.031085
1 0.609679 0.672531 0.610700 0.658818 0.630946 0.661497 0.629925 0.675210
7 0.066586 0.469873 0.065313 0.428632 0.082373 0.427696 0.083645 0.468938
0 0.815728 0.432083 0.821993 0.421981 0.835314 0.436667 0.829049 0.446769
7 0.000028 0.407026 0.000000 0.388713 0.021896 0.388113 0.022175 0.406425
5 0.615453 0.602216 0.615928 0.596080 0.628297 0.597784 0.627822 0.603920
0 0.580371 0.919079 0.580690 0.897360 0.589420 0.897588 0.589102 0.919307
5 0.708088 0.322564 0.712708 0.313830 0.726807 0.327088 0.722187 0.335823
6 0.000000 0.479910 0.000000 0.462049 0.035178 0.459674 0.035840 0.477534
6 0.450375 0.175390 0.448984 0.125989 0.462646 0.125305 0.464037 0.174706
7 0.000000 0.456246 0.000000 0.436656 0.034647 0.435421 0.035035 0.455010
0 0.000086 0.380938 0.000000 0.366408 0.016573 0.365589 0.016969 0.380120
12 0.346015 0.355445 0.343973 0.307432 0.358151 0.306360 0.360193 0.354373
6 0.147197 0.366297 0.145897 0.319931 0.162178 0.319120 0.163478 0.365485
5 0.618950 0.629759 0.617893 0.623487 0.631050 0.619546 0.632107 0.625819
6 0.553589 0.883611 0.553874 0.846786 0.565421 0.846945 0.565136 0.883770
7 0.295598 0.355111 0.295118 0.309065 0.310652 0.308778 0.311132 0.354824
6 0.461396 0.018564 0.459959 0.000327 0.475062 0.000000 0.476499 0.016448
5 0.612224 0.297576 0.608855 0.287722 0.625797 0.277424 0.629166 0.287278
5 0.667006 0.234027 0.654666 0.219026 0.660077 0.211112 0.672418 0.226113
1 0.539282 0.085888 0.545032 0.061614 0.554468 0.065588 0.548718 0.089862
7 0.899879 0.541257 0.911301 0.524307 0.941787 0.560826 0.930366 0.577777
5 0.558880 0.065825 0.549089 0.047255 0.556745 0.040078 0.566536 0.058648
0 0.690420 0.272609 0.677573 0.255488 0.684580 0.246141 0.697427 0.263262
6 0.584402 0.123854 0.567557 0.084850 0.580702 0.074757 0.597547 0.113761
