0 0.525185 0.910713 0.516497 0.869335 0.530024 0.864287 0.538711 0.905665
0 0.499147 0.628440 0.494686 0.591899 0.508405 0.588921 0.512866 0.625462
3 0.535403 0.503527 0.535561 0.346062 0.570847 0.346125 0.570689 0.503590
0 0.523448 0.749542 0.520660 0.710395 0.533323 0.708792 0.536111 0.747939
0 0.383143 0.480254 0.370861 0.448533 0.380399 0.441968 0.392681 0.473689
7 0.534914 0.656737 0.550493 0.637743 0.589044 0.693957 0.573466 0.712951
12 0.940792 0.418835 0.912889 0.340935 0.968583 0.305471 0.996486 0.383371
6 0.622715 0.083456 0.621111 0.037586 0.631452 0.036943 0.633055 0.082814
0 0.482155 0.607150 0.477316 0.569900 0.489199 0.567156 0.494038 0.604405
12 0.407726 0.849114 0.359416 0.770591 0.372352 0.756442 0.420662 0.834965
12 0.162367 0.072110 0.150016 0.048565 0.204299 0.000000 0.216650 0.021487
2 0.326145 0.707861 0.245830 0.556495 0.260313 0.542833 0.340628 0.694199
12 0.634714 0.647506 0.609416 0.609025 0.705911 0.496244 0.731209 0.534725
11 0.593047 0.557833 0.565472 0.520029 0.689245 0.359528 0.716820 0.397332
12 0.742710 0.148160 0.757234 0.117040 0.868228 0.209132 0.853703 0.240252
3 0.291614 0.192356 0.218909 0.024200 0.247449 0.002262 0.320153 0.170419
