8 0.735196 0.599347 0.741863 0.585249 0.768449 0.607597 0.761783 0.621696
8 0.792893 0.896005 0.800996 0.882582 0.827419 0.910940 0.819316 0.924363
8 0.504823 0.586534 0.512166 0.573614 0.535802 0.597494 0.528459 0.610414
8 0.249033 0.320591 0.255144 0.307654 0.278571 0.327325 0.272460 0.340262
8 0.583960 0.554944 0.590950 0.541508 0.616561 0.565194 0.609571 0.578631
7 0.416223 0.470442 0.423294 0.457496 0.446016 0.479558 0.438946 0.492504
8 0.692887 0.567847 0.699517 0.554414 0.726383 0.577987 0.719753 0.591420
8 0.524825 0.661167 0.531028 0.647477 0.555644 0.667306 0.549441 0.680995
8 0.554496 0.757503 0.562879 0.745494 0.585087 0.773052 0.576704 0.785062
7 0.538391 0.736451 0.517157 0.706000 0.526192 0.694799 0.547427 0.725250
7 0.530955 0.692459 0.539520 0.678070 0.565399 0.705458 0.556834 0.719847
5 0.434521 0.522945 0.438227 0.515881 0.449463 0.526360 0.445758 0.533425
8 0.899897 0.594597 0.922444 0.563927 0.932394 0.576930 0.909847 0.607601
8 0.581144 0.415973 0.587681 0.404052 0.611304 0.427082 0.604767 0.439003
7 0.879404 0.821493 0.887651 0.807682 0.916429 0.838229 0.908182 0.852041
8 0.643074 0.717372 0.650141 0.705099 0.675676 0.731240 0.668609 0.743513
5 0.842640 0.929755 0.846892 0.921204 0.863089 0.935522 0.858837 0.944073
5 0.768233 0.904849 0.756842 0.890589 0.761454 0.884039 0.772845 0.898300
8 0.746910 0.574007 0.754090 0.560764 0.780694 0.586410 0.773514 0.599652
5 0.616351 0.782728 0.605471 0.766661 0.610732 0.760327 0.621612 0.776395
5 0.261556 0.372352 0.264484 0.365486 0.275944 0.374176 0.273016 0.381042
5 0.515798 0.464349 0.505792 0.452837 0.509723 0.446762 0.519729 0.458274
8 0.314719 0.357543 0.321761 0.344675 0.345177 0.367457 0.338135 0.380325
5 0.255488 0.336725 0.257829 0.331018 0.268731 0.338969 0.266390 0.344676
7 0.078266 0.248052 0.085852 0.235384 0.107932 0.258892 0.100346 0.271560
5 0.558855 0.647560 0.563485 0.639143 0.577082 0.652440 0.572452 0.660857
12 0.862216 0.834996 0.871024 0.821598 0.903409 0.859449 0.894601 0.872847
5 0.277332 0.389430 0.280371 0.382455 0.292460 0.391820 0.289420 0.398795
5 0.642340 0.805104 0.631159 0.788478 0.636827 0.781702 0.648008 0.798328
5 0.601846 0.695487 0.606511 0.687860 0.620550 0.703124 0.615885 0.710751
5 0.856547 0.893942 0.860010 0.888347 0.871057 0.900502 0.867594 0.906097
5 0.281524 0.407186 0.285100 0.400391 0.295559 0.410175 0.291983 0.416970
7 0.639736 0.470121 0.646266 0.457992 0.672764 0.483351 0.666234 0.495481
5 0.453023 0.325673 0.442534 0.313330 0.446977 0.306619 0.457466 0.318962
1 0.315816 0.381428 0.320523 0.371287 0.335747 0.383850 0.331040 0.393990
0 0.975704 0.935487 0.966793 0.911925 0.975338 0.906179 0.984249 0.929742
5 0.711473 0.780456 0.717135 0.770974 0.732797 0.787599 0.727136 0.797082
12 0.000000 0.128955 0.000279 0.116296 0.019019 0.128728 0.014296 0.141386
5 0.281564 0.147005 0.285608 0.139941 0.296561 0.151085 0.292517 0.158150
8 0.612447 0.444441 0.618810 0.431631 0.642761 0.452781 0.636398 0.465591
7 0.057222 0.139196 0.064183 0.126238 0.088742 0.149693 0.081780 0.162651
1 0.291227 0.380861 0.296040 0.370746 0.311377 0.383722 0.306564 0.393837
5 0.886490 0.712984 0.875779 0.696947 0.881219 0.690489 0.891929 0.706525
12 0.060076 0.114614 0.065793 0.103056 0.089924 0.124275 0.084207 0.135833
7 0.679935 0.786502 0.685898 0.776743 0.701835 0.794054 0.695873 0.803813
0 0.457892 0.542318 0.463074 0.533300 0.476743 0.547265 0.471561 0.556283
8 0.173251 0.007427 0.180953 0.000000 0.204092 0.020481 0.196391 0.032913
12 0.000000 0.068906 0.000000 0.055252 0.004921 0.058090 0.000702 0.071744
2 0.058095 0.753623 0.022416 0.651197 0.039170 0.640822 0.074850 0.743247
5 0.972632 0.847122 0.960181 0.831928 0.964868 0.825100 0.977319 0.840295
1 0.227496 0.324185 0.232034 0.313521 0.248285 0.325815 0.243747 0.336479
