7 0.616662 0.520667 0.589043 0.482016 0.602088 0.465445 0.629707 0.504095
7 0.546667 0.423644 0.519446 0.380784 0.531979 0.366634 0.559200 0.409494
0 0.826282 0.747529 0.802013 0.709355 0.814864 0.694832 0.839132 0.733006
7 0.710093 0.647434 0.682179 0.610015 0.693032 0.595621 0.720946 0.633041
0 0.499826 0.294212 0.478004 0.259024 0.489757 0.246066 0.511579 0.281254
12 0.338211 0.324852 0.325872 0.301085 0.367519 0.262648 0.379858 0.286415
0 0.816680 0.763210 0.792663 0.727566 0.804674 0.713179 0.828691 0.748823
7 0.841333 0.836027 0.808320 0.794578 0.820126 0.777862 0.853138 0.819311
8 0.389847 0.136092 0.366307 0.096228 0.378903 0.083005 0.402443 0.122869
0 0.406546 0.208512 0.392323 0.184998 0.401787 0.174821 0.416010 0.198335
8 0.723884 0.704929 0.697263 0.665110 0.709450 0.650627 0.736070 0.690446
5 0.479912 0.303312 0.471992 0.285077 0.477640 0.280716 0.485560 0.298951
5 0.584399 0.439987 0.575560 0.423870 0.581226 0.418346 0.590065 0.434463
0 0.615424 0.430017 0.592413 0.383494 0.605409 0.372066 0.628420 0.418589
2 0.988565 0.176190 0.960215 0.104858 0.973935 0.095164 1.000000 0.166496
5 0.556535 0.376597 0.544051 0.356063 0.550497 0.349097 0.562980 0.369631
12 0.234618 0.284337 0.200600 0.164230 0.246371 0.141184 0.280389 0.261290
5 0.613780 0.456580 0.601732 0.442120 0.606011 0.435781 0.618060 0.450242
5 0.409256 0.102438 0.406949 0.081592 0.413140 0.080374 0.415447 0.101220
7 0.551055 0.428216 0.561871 0.413759 0.588789 0.449562 0.577972 0.464019
5 0.640491 0.488192 0.628690 0.474655 0.632946 0.468058 0.644748 0.481595
5 0.508060 0.351736 0.496685 0.333754 0.502617 0.327083 0.513992 0.345065
5 0.446558 0.178651 0.443417 0.154114 0.450837 0.152425 0.453979 0.176962
5 0.649051 0.527832 0.638301 0.513210 0.643137 0.506890 0.653886 0.521513
5 0.372065 0.074231 0.362819 0.049558 0.370383 0.044519 0.379629 0.069192
1 0.696756 0.540259 0.682633 0.514401 0.693869 0.503491 0.707992 0.529349
8 0.770256 0.746850 0.781636 0.730987 0.810994 0.768428 0.799614 0.784291
5 0.783156 0.787111 0.769615 0.767539 0.776219 0.759417 0.789760 0.778988
5 0.743933 0.709071 0.749409 0.700311 0.765963 0.718707 0.760487 0.727467
5 0.426361 0.153406 0.416645 0.129993 0.424030 0.124545 0.433745 0.147958
5 0.855815 0.861251 0.843097 0.844418 0.848352 0.837360 0.861069 0.854193
5 0.526363 0.417087 0.514808 0.398456 0.521033 0.391593 0.532587 0.410224
12 0.729546 0.633875 0.706972 0.597038 0.719412 0.583486 0.741986 0.620323
5 0.341840 0.100524 0.331344 0.079573 0.337848 0.073781 0.348343 0.094733
5 0.799676 0.751006 0.787288 0.736880 0.791990 0.729549 0.804378 0.743675
5 0.597771 0.538715 0.585106 0.523839 0.589729 0.516841 0.602394 0.531716
7 0.457201 0.272823 0.433883 0.233886 0.446054 0.220927 0.469373 0.259864
5 0.409668 0.076460 0.399026 0.057561 0.404915 0.051665 0.415558 0.070564
5 0.601890 0.523552 0.590206 0.503805 0.597068 0.496587 0.608752 0.516334
5 0.382851 0.080002 0.377290 0.062567 0.382709 0.059495 0.388269 0.076929
5 0.582792 0.401961 0.571995 0.383001 0.578405 0.376511 0.589203 0.395472
7 0.823161 0.768666 0.835546 0.752095 0.862777 0.788279 0.850391 0.804849
0 0.502062 0.377169 0.490856 0.353444 0.500022 0.345748 0.511227 0.369473
5 0.394058 0.059699 0.387163 0.041210 0.393247 0.037176 0.400142 0.055665
5 0.814318 0.697482 0.805086 0.679993 0.810682 0.674740 0.819914 0.692230
5 0.782185 0.708556 0.771982 0.689873 0.778231 0.683805 0.788435 0.702488
5 0.809219 0.822685 0.793701 0.801822 0.800156 0.793287 0.815674 0.814150
7 0.913784 0.887655 0.924790 0.871287 0.959133 0.912345 0.948126 0.928713
5 0.763598 0.661767 0.748344 0.643169 0.754110 0.634761 0.769365 0.653359
5 0.364005 0.049214 0.357179 0.028561 0.364120 0.024483 0.370946 0.045137
0 0.319343 0.093540 0.304326 0.059118 0.316594 0.049603 0.331612 0.084025
5 0.796548 0.670444 0.784351 0.655733 0.789390 0.648306 0.801587 0.663017
5 0.670049 0.639395 0.658717 0.623175 0.663805 0.616855 0.675138 0.633075
5 0.497645 0.325010 0.486936 0.306205 0.493761 0.299296 0.504470 0.318100
5 0.539467 0.342683 0.527059 0.317355 0.535794 0.309748 0.548201 0.335075
5 0.725121 0.661289 0.714604 0.644092 0.720192 0.638017 0.730709 0.655214
5 0.657172 0.604435 0.643723 0.586892 0.649078 0.579593 0.662527 0.597136
0 0.848582 0.837757 0.857155 0.826477 0.877459 0.853909 0.868887 0.865190
6 0.320403 0.050373 0.295626 0.007777 0.307201 0.000000 0.331978 0.038404
1 0.587616 0.373492 0.572965 0.346858 0.583478 0.336578 0.598129 0.363211
12 0.181328 0.164031 0.167154 0.115218 0.229870 0.082844 0.244044 0.131657
5 0.400068 0.174389 0.387523 0.157572 0.392640 0.150785 0.405186 0.167602
0 0.855735 0.762938 0.826537 0.715101 0.839578 0.700951 0.868775 0.748788
5 0.625558 0.577149 0.611692 0.558562 0.617151 0.551323 0.631016 0.569910
5 0.661302 0.591927 0.667290 0.582028 0.685052 0.601129 0.679064 0.611027
5 0.765980 0.779931 0.756794 0.761338 0.762665 0.756180 0.771852 0.774774
0 0.658779 0.575494 0.630858 0.535020 0.642262 0.521034 0.670183 0.561508
0 0.359920 0.027183 0.349498 0.001539 0.359351 0.000000 0.369773 0.020065
5 0.986960 1.000000 0.971391 0.985985 0.977624 0.977357 0.993192 0.997348
12 0.415186 0.594802 0.402855 0.520115 0.427652 0.512837 0.439983 0.587524
2 0.456754 0.215354 0.458640 0.153947 0.473975 0.154785 0.472089 0.216192
5 0.832944 0.854921 0.817213 0.833606 0.824348 0.824245 0.840079 0.845561
5 0.657130 0.621992 0.642515 0.602966 0.648078 0.595369 0.662693 0.614395
0 0.814764 0.890790 0.798184 0.861908 0.807631 0.852266 0.824212 0.881147
5 0.425000 0.129287 0.418003 0.114646 0.422916 0.110470 0.429914 0.125111
1 0.574650 0.338053 0.559250 0.314582 0.568058 0.304308 0.583458 0.327779
0 0.433587 0.130888 0.413385 0.092736 0.426309 0.080571 0.446511 0.118722
0 0.380783 0.065095 0.369460 0.020534 0.379634 0.015938 0.390957 0.060499
5 0.378205 0.149349 0.368037 0.128008 0.374920 0.122179 0.385088 0.143519
5 0.794029 0.712602 0.780667 0.694725 0.785659 0.688092 0.799021 0.705969
5 0.720642 0.721122 0.705983 0.701814 0.712171 0.693461 0.726830 0.712769
5 0.498869 0.223673 0.490756 0.203127 0.498266 0.197854 0.506380 0.218401
5 0.413908 0.130657 0.401043 0.104199 0.408227 0.097989 0.421092 0.124447
1 0.745820 0.695029 0.727680 0.670878 0.736472 0.659138 0.754612 0.683289
0 0.929394 1.000000 0.912905 0.983338 0.923731 0.971592 0.940220 0.998607
5 0.637833 0.595633 0.628006 0.580297 0.632479 0.575201 0.642307 0.590537
0 0.927755 0.975555 0.936156 0.963776 0.956620 0.989723 0.948219 1.000000
