7 0.703450 0.363002 0.696193 0.346916 0.721550 0.326581 0.728807 0.342667
5 0.215620 0.636126 0.209253 0.619848 0.214849 0.615957 0.221216 0.632235
6 0.921148 0.628988 0.901479 0.580307 0.916352 0.569624 0.936021 0.618304
5 0.390055 0.632757 0.385303 0.624223 0.397966 0.611688 0.402718 0.620221
5 0.649222 0.407226 0.644969 0.397982 0.660673 0.385135 0.664927 0.394379
5 0.912715 0.231380 0.909862 0.224644 0.922701 0.214974 0.925555 0.221710
5 0.616825 0.435424 0.613043 0.427347 0.625883 0.416659 0.629665 0.424736
12 0.676863 0.448313 0.665488 0.425093 0.707512 0.388493 0.718887 0.411713
5 0.925346 0.205156 0.920998 0.195990 0.939238 0.180608 0.943586 0.189774
5 0.889486 0.229335 0.886055 0.219917 0.906347 0.206776 0.909778 0.216194
0 0.801552 0.466768 0.789807 0.435972 0.798968 0.429760 0.810714 0.460555
12 0.074246 0.221003 0.060610 0.188703 0.076665 0.176653 0.090302 0.208953
0 0.303399 0.718699 0.296885 0.710544 0.310142 0.691717 0.316657 0.699872
12 0.068501 0.197805 0.054536 0.169661 0.100119 0.129452 0.114083 0.157596
5 0.555173 0.505963 0.550424 0.496453 0.564879 0.483620 0.569628 0.493131
