8 0.459243 0.809460 0.480074 0.766018 0.493362 0.777345 0.472530 0.820788
12 0.300727 0.253451 0.270405 0.190281 0.286252 0.176758 0.316575 0.239927
7 0.737075 0.748426 0.726307 0.731521 0.754592 0.699491 0.765360 0.716395
5 0.336211 0.954748 0.346699 0.933063 0.354414 0.939696 0.343926 0.961381
12 0.844219 0.960537 0.858796 0.940996 0.899531 0.995019 0.884954 1.000000
5 0.415529 0.801845 0.424826 0.783401 0.431216 0.789128 0.421918 0.807571
0 0.667004 0.361103 0.674681 0.333050 0.684558 0.337856 0.676882 0.365908
5 0.350267 0.866361 0.360188 0.842727 0.368483 0.848917 0.358562 0.872551
5 0.698093 0.245456 0.704398 0.224417 0.710761 0.227807 0.704456 0.248846
5 0.652488 0.476199 0.653574 0.455155 0.660012 0.455746 0.658926 0.476790
12 0.773610 0.704370 0.762241 0.687678 0.794098 0.649103 0.805467 0.665794
11 0.610378 0.840057 0.581754 0.799448 0.756809 0.580082 0.785434 0.620691
0 0.574411 0.615809 0.588607 0.578812 0.599547 0.586274 0.585351 0.623272
6 0.625959 0.282686 0.642187 0.233124 0.655291 0.240751 0.639063 0.290314
0 0.662087 0.127138 0.668908 0.102343 0.677496 0.106543 0.670675 0.131338
5 0.562657 0.366315 0.570711 0.347108 0.576926 0.351741 0.568873 0.370948
5 0.651444 0.385871 0.659618 0.359051 0.668348 0.363782 0.660174 0.390601
5 0.467165 0.676864 0.474329 0.660754 0.479449 0.664802 0.472286 0.680912
5 0.546622 0.662421 0.554864 0.639484 0.562753 0.644523 0.554511 0.667461
5 0.707475 0.780221 0.711881 0.762233 0.718046 0.764918 0.713640 0.782906
5 0.474515 0.608505 0.481231 0.584792 0.489027 0.588717 0.482311 0.612430
3 0.760594 0.356003 0.736963 0.317517 0.815447 0.231844 0.839079 0.270330
0 0.483393 0.968851 0.475624 0.956185 0.496034 0.933927 0.503803 0.946593
5 0.556893 0.362145 0.566158 0.341516 0.573315 0.347230 0.564050 0.367859
5 0.373610 0.787274 0.387302 0.758096 0.396181 0.765504 0.382489 0.794681
8 0.822691 0.609640 0.813278 0.592875 0.842934 0.563276 0.852347 0.580041
0 0.672658 0.306520 0.683768 0.279498 0.692446 0.285841 0.681336 0.312863
0 0.688195 0.217887 0.703147 0.167990 0.715972 0.174822 0.701019 0.224719
10 0.925423 0.980753 0.914651 0.961741 0.952702 0.923413 0.963474 0.942426
5 0.625671 0.535189 0.632632 0.514522 0.638913 0.518283 0.631951 0.538950
5 0.249952 0.093081 0.239700 0.072331 0.245881 0.066902 0.256133 0.087652
12 0.742389 1.000000 0.731015 0.983488 0.756570 0.952574 0.767944 0.969290
0 0.109751 0.618836 0.089738 0.563136 0.107176 0.551997 0.127189 0.607697
3 0.571269 0.897167 0.547963 0.863713 0.594877 0.805611 0.618183 0.839065
