2 0.640115 0.526948 0.639025 0.473582 0.653635 0.473052 0.654725 0.526418
7 0.639370 0.252214 0.640339 0.198280 0.657505 0.198828 0.656536 0.252762
8 0.562781 0.278227 0.562960 0.225841 0.579147 0.225939 0.578967 0.278326
0 0.544890 0.750449 0.543605 0.721202 0.554068 0.720385 0.555354 0.749631
8 0.605228 0.531323 0.605123 0.478458 0.621855 0.478399 0.621960 0.531264
0 0.606614 0.594582 0.604906 0.562088 0.616823 0.560974 0.618532 0.593468
8 0.718479 0.178410 0.710611 0.161551 0.743500 0.134263 0.751368 0.151122
4 0.405965 0.055168 0.393208 0.000000 0.421639 0.000000 0.434396 0.043623
0 0.522541 0.404092 0.523681 0.375747 0.533709 0.376464 0.532569 0.404809
0 0.679202 0.383389 0.679937 0.360536 0.689027 0.361056 0.688292 0.383908
1 0.679248 0.465759 0.675251 0.436642 0.687939 0.433546 0.691936 0.462663
0 0.573968 0.108602 0.568125 0.079910 0.578115 0.076294 0.583958 0.104986
8 0.586178 0.411320 0.584491 0.358677 0.600281 0.357777 0.601967 0.410420
0 0.640308 0.093916 0.639869 0.060957 0.651358 0.060685 0.651797 0.093644
5 0.612812 0.366883 0.613903 0.345752 0.620000 0.346312 0.618909 0.367442
0 0.596635 0.246099 0.592988 0.204061 0.607531 0.201818 0.611179 0.243855
5 0.544404 0.317101 0.547451 0.294547 0.555336 0.296441 0.552289 0.318995
0 0.583439 0.348502 0.584661 0.320511 0.594686 0.321289 0.593464 0.349280
5 0.575887 0.336305 0.578589 0.315125 0.584530 0.316472 0.581828 0.337653
5 0.785719 0.102854 0.798280 0.089535 0.802302 0.096278 0.789741 0.109597
0 0.659494 0.680078 0.656826 0.649447 0.668111 0.647699 0.670778 0.678331
7 0.749128 0.907386 0.732941 0.860319 0.748268 0.850948 0.764455 0.898015
0 0.632775 0.036528 0.632582 0.002849 0.644308 0.002729 0.644501 0.036409
5 0.574039 0.382177 0.573276 0.362672 0.579086 0.362268 0.579849 0.381772
2 0.597384 0.331854 0.593621 0.268947 0.610949 0.267104 0.614712 0.330012
5 0.528646 0.450909 0.523276 0.427318 0.531250 0.424091 0.536620 0.447682
5 0.586971 0.242617 0.585540 0.222177 0.591414 0.221445 0.592845 0.241886
5 0.742296 1.000000 0.736209 0.981606 0.743120 0.978030 0.749208 0.998950
6 0.575750 0.529020 0.573942 0.480295 0.588833 0.479313 0.590641 0.528038
0 0.568221 0.315670 0.567785 0.288810 0.578654 0.288496 0.579090 0.315357
5 0.611497 0.254914 0.611347 0.228157 0.619753 0.228073 0.619903 0.254830
5 0.669124 0.421313 0.670680 0.402787 0.676709 0.403687 0.675153 0.422213
5 0.568950 0.077953 0.566715 0.059760 0.572457 0.058506 0.574692 0.076699
0 0.598483 0.656577 0.595327 0.630240 0.605163 0.628145 0.608319 0.654482
7 0.632912 0.168156 0.629699 0.109066 0.647296 0.107365 0.650510 0.166455
0 0.569713 0.597828 0.568385 0.555026 0.582371 0.554255 0.583698 0.597057
5 0.523448 0.847083 0.525081 0.827062 0.530979 0.827917 0.529346 0.847938
0 0.661353 0.126915 0.656282 0.095073 0.668334 0.091661 0.673405 0.123503
10 0.740991 0.003573 0.764761 0.000000 0.786092 0.000000 0.762322 0.031724
5 0.610277 0.411074 0.609585 0.387242 0.617327 0.386843 0.618019 0.410674
0 0.647282 0.626543 0.645353 0.577478 0.663135 0.576235 0.665064 0.625300
0 0.624496 0.094947 0.624626 0.061745 0.635921 0.061823 0.635791 0.095026
5 0.643930 0.060011 0.644453 0.040014 0.651383 0.040337 0.650859 0.060333
5 0.579878 0.180882 0.573666 0.159841 0.580799 0.156097 0.587011 0.177138
5 0.534414 0.408160 0.533980 0.383080 0.542669 0.382812 0.543103 0.407892
5 0.619884 0.600185 0.618985 0.577386 0.625950 0.576899 0.626848 0.599697
0 0.594692 0.542378 0.594283 0.516212 0.603485 0.515955 0.603894 0.542122
5 0.850839 0.049881 0.866189 0.033291 0.871036 0.041265 0.855686 0.057855
0 0.540821 0.272284 0.546946 0.243516 0.556575 0.247161 0.550450 0.275929
5 0.681780 0.318956 0.680822 0.296205 0.688533 0.295628 0.689491 0.318378
5 0.526635 0.524427 0.524924 0.501101 0.534303 0.499878 0.536014 0.523205
0 0.689197 0.633533 0.685374 0.609191 0.694136 0.606745 0.697959 0.631087
12 0.373668 0.074647 0.350604 0.000000 0.385707 0.000000 0.408771 0.055628
0 0.549460 0.283384 0.554267 0.256847 0.563040 0.259671 0.558233 0.286209
0 0.593727 0.451400 0.598712 0.420888 0.610440 0.424294 0.605455 0.454807
2 0.261871 0.965235 0.230178 0.863601 0.257139 0.848654 0.288833 0.950288
0 0.661584 0.285717 0.664959 0.254398 0.674875 0.256297 0.671500 0.287616
9 0.243832 0.987871 0.208277 0.888919 0.230647 0.874629 0.266202 0.973581
0 0.540514 0.229486 0.540337 0.190750 0.552194 0.190653 0.552371 0.229389
5 0.593519 0.189480 0.608731 0.166860 0.615335 0.174756 0.600123 0.197376
11 0.793269 0.547394 0.638345 0.233168 0.854648 0.043578 1.000000 0.357805
