12 0.357633 0.572199 0.355983 0.540178 0.415283 0.534745 0.416934 0.566766
7 0.000000 0.554948 0.000000 0.539442 0.019804 0.539497 0.019780 0.555002
7 0.028939 0.555511 0.029037 0.540028 0.055241 0.540322 0.055143 0.555806
7 0.928378 0.541408 0.928015 0.525009 0.957039 0.523869 0.957401 0.540268
12 0.772693 0.052308 0.776492 0.031329 0.819495 0.045174 0.815695 0.066153
5 0.465377 0.598487 0.465304 0.592037 0.477591 0.591790 0.477664 0.598240
5 0.679822 0.554178 0.679782 0.547343 0.692574 0.547210 0.692614 0.554046
7 0.612886 0.545246 0.612734 0.529514 0.639197 0.529060 0.639349 0.544792
7 0.561357 0.550607 0.561204 0.534582 0.588643 0.534115 0.588796 0.550141
5 0.226532 0.571230 0.226424 0.563842 0.239874 0.563492 0.239982 0.570880
7 0.839152 0.399231 0.838083 0.370903 0.848348 0.370214 0.849417 0.398542
5 0.891484 0.564535 0.890993 0.555879 0.907474 0.554215 0.907965 0.562871
0 0.945949 0.350159 0.946436 0.318959 0.958218 0.319286 0.957730 0.350486
12 0.503818 0.578039 0.503299 0.555067 0.549568 0.553211 0.550086 0.576183
0 0.381394 0.607125 0.381206 0.590558 0.404153 0.590097 0.404340 0.606664
5 0.881375 0.553050 0.880965 0.544267 0.898834 0.542783 0.899244 0.551566
11 0.605420 0.014660 0.610600 0.000000 0.647705 0.000000 0.642525 0.026486
5 0.501055 0.551884 0.500677 0.545061 0.511966 0.543950 0.512344 0.550773
5 0.434555 0.563517 0.425828 0.553684 0.429248 0.548288 0.437974 0.558122
