6 0.465351 0.198603 0.467785 0.149492 0.481524 0.150702 0.479090 0.199814
2 0.539615 0.960902 0.543969 0.914651 0.557260 0.916875 0.552906 0.963127
6 0.481391 0.320217 0.483354 0.288663 0.497255 0.290200 0.495292 0.321754
8 0.479818 0.799722 0.483602 0.755085 0.497786 0.757222 0.494002 0.801860
0 0.669042 0.505133 0.677371 0.490161 0.701791 0.514311 0.693462 0.529283
0 0.670891 0.813910 0.671447 0.788509 0.680672 0.788868 0.680116 0.814269
12 0.158253 0.522732 0.163855 0.489267 0.186539 0.496018 0.180937 0.529483
6 0.479933 0.848326 0.480830 0.802639 0.492984 0.803063 0.492087 0.848750
6 0.471135 0.961769 0.473574 0.916225 0.485896 0.917398 0.483457 0.962942
6 0.430530 0.999870 0.434774 0.964402 0.446033 0.966797 0.441789 1.000000
5 0.678115 0.550338 0.669843 0.535255 0.675010 0.530218 0.683282 0.545301
7 0.536375 0.852616 0.539665 0.833818 0.569875 0.843217 0.566585 0.862016
2 0.702172 0.717437 0.705400 0.666316 0.720224 0.667980 0.716996 0.719101
1 0.552978 0.536234 0.547780 0.526517 0.562647 0.512377 0.567845 0.522094
5 0.387139 0.997106 0.392363 0.975798 0.400361 0.979283 0.395137 1.000000
5 0.476730 0.508314 0.484810 0.494410 0.488895 0.498630 0.480815 0.512534
6 0.966151 0.585238 0.960481 0.572388 0.993224 0.546706 0.998894 0.559557
0 0.567312 0.489172 0.573606 0.474023 0.598052 0.492078 0.591758 0.507227
5 0.516123 0.515036 0.517928 0.505694 0.534398 0.511353 0.532593 0.520694
0 0.548729 0.310814 0.549727 0.288545 0.557781 0.289186 0.556784 0.311455
5 0.639305 0.541254 0.640853 0.534566 0.652362 0.539302 0.650814 0.545989
1 0.575976 0.432803 0.579654 0.422256 0.592774 0.430391 0.589096 0.440939
1 0.451963 0.150248 0.450167 0.125668 0.459886 0.124405 0.461682 0.148985
