0 0.483047 0.624675 0.497193 0.576965 0.512526 0.585047 0.498380 0.632757
0 0.427141 0.471311 0.432732 0.453259 0.465046 0.471050 0.459455 0.489103
0 0.459838 0.396129 0.466586 0.378111 0.496932 0.398316 0.490185 0.416333
10 0.663922 0.511815 0.670289 0.484933 0.732433 0.511102 0.726065 0.537983
0 0.501680 0.562050 0.516632 0.523204 0.529049 0.531700 0.514098 0.570546
1 0.596596 0.369334 0.609398 0.343314 0.619550 0.352193 0.606748 0.378214
0 0.460496 0.181365 0.464763 0.168114 0.488722 0.181829 0.484456 0.195080
0 0.542892 0.567227 0.548344 0.548773 0.580025 0.565411 0.574572 0.583866
0 0.426007 0.495724 0.431640 0.477319 0.463316 0.494554 0.457683 0.512959
12 0.700127 0.434811 0.707245 0.406910 0.756123 0.429078 0.749005 0.456979
1 0.501864 0.493467 0.513935 0.456427 0.527303 0.464172 0.515232 0.501212
0 0.470042 0.343354 0.476669 0.325498 0.507041 0.345535 0.500415 0.363391
6 0.510641 0.394093 0.515883 0.375949 0.547171 0.392018 0.541929 0.410163
0 0.490529 0.960141 0.502081 0.894207 0.523794 0.900971 0.512242 0.966904
0 0.461717 0.500170 0.467770 0.482443 0.498700 0.501219 0.492647 0.518946
0 0.549982 0.523848 0.556929 0.506481 0.587518 0.528235 0.580571 0.545602
0 0.428718 0.587720 0.435829 0.562258 0.447063 0.567835 0.439952 0.593298
0 0.444526 0.437469 0.450940 0.420321 0.479954 0.439615 0.473539 0.456763
1 0.678503 0.941152 0.687950 0.914102 0.699622 0.921348 0.690175 0.948398
6 0.543795 0.543448 0.549548 0.525534 0.581986 0.544052 0.576233 0.561966
0 0.496446 0.408669 0.502942 0.390488 0.533241 0.409733 0.526745 0.427915
12 0.264699 0.529876 0.280458 0.482504 0.321760 0.506930 0.306001 0.554302
12 0.553307 0.499748 0.560988 0.480283 0.600339 0.507891 0.592658 0.527356
12 0.558817 0.462466 0.561997 0.442933 0.596131 0.452812 0.592951 0.472344
0 0.649433 0.295379 0.663274 0.258823 0.679213 0.269552 0.665371 0.306108
11 0.054181 0.909218 0.036750 0.867068 0.243475 0.715087 0.260906 0.757238
0 0.572920 0.010808 0.576155 0.000000 0.599996 0.004274 0.596761 0.019698
0 0.742546 0.318450 0.766702 0.244377 0.781412 0.252905 0.757256 0.326978
