7 0.739065 0.808801 0.734081 0.762181 0.749477 0.759254 0.754461 0.805875
7 0.701584 0.471172 0.697111 0.430746 0.710395 0.428133 0.714868 0.468559
8 0.664520 0.363436 0.661217 0.325344 0.674022 0.323369 0.677325 0.361462
7 0.646146 0.067889 0.643035 0.033590 0.654895 0.031677 0.658007 0.065976
7 0.831118 0.500113 0.830930 0.481072 0.866799 0.480442 0.866987 0.499484
12 0.731966 0.515699 0.722613 0.431680 0.740951 0.428051 0.750303 0.512070
13 0.837581 0.577818 0.839465 0.560333 0.872315 0.566626 0.870431 0.584111
1 0.810082 0.771803 0.807595 0.748425 0.819085 0.746253 0.821571 0.769630
5 0.668620 0.825132 0.666194 0.805419 0.672526 0.804035 0.674952 0.823747
1 0.748187 0.677834 0.743946 0.652525 0.754938 0.649250 0.759179 0.674559
1 0.774582 0.519020 0.771914 0.494910 0.782710 0.492786 0.785378 0.516896
5 0.568320 0.285660 0.568200 0.269613 0.573086 0.269548 0.573206 0.285595
5 0.640641 0.484777 0.640130 0.468993 0.645296 0.468695 0.645808 0.484479
5 0.547262 0.053075 0.547408 0.034131 0.552998 0.034208 0.552853 0.053152
1 0.735221 0.693727 0.730694 0.668729 0.741341 0.665301 0.745869 0.690299
5 0.588735 0.181486 0.588387 0.166096 0.593036 0.165909 0.593384 0.181300
6 0.759926 0.825289 0.756358 0.781100 0.771845 0.778877 0.775413 0.823066
6 0.640076 0.912474 0.638902 0.863106 0.652633 0.862526 0.653806 0.911894
13 0.711008 0.661309 0.706722 0.616883 0.721283 0.614386 0.725569 0.658811
5 0.554154 0.215532 0.553065 0.194162 0.560430 0.193495 0.561518 0.214865
5 0.755512 0.574780 0.754926 0.554710 0.761155 0.554387 0.761741 0.574457
0 0.804918 0.917141 0.800747 0.890036 0.811748 0.887026 0.815920 0.914131
12 0.940595 0.087810 0.975589 0.000000 1.000000 0.009585 0.976495 0.110043
5 0.650272 0.167287 0.650228 0.149926 0.655978 0.149900 0.656022 0.167261
5 0.697246 0.112674 0.697106 0.094522 0.702754 0.094444 0.702894 0.112596
7 0.631185 0.754080 0.626582 0.706689 0.640690 0.704253 0.645293 0.751644
5 0.862879 0.812823 0.860500 0.794784 0.866287 0.793427 0.868666 0.811466
0 0.537653 0.895383 0.535326 0.876055 0.544639 0.874062 0.546966 0.893389
0 0.208292 0.674377 0.208180 0.659317 0.235458 0.658957 0.235570 0.674017
7 0.860854 0.417599 0.860332 0.399535 0.896438 0.397679 0.896960 0.415743
0 0.495152 0.900273 0.494014 0.877037 0.504588 0.876116 0.505725 0.899352
5 0.682952 0.287777 0.680934 0.264298 0.689965 0.262918 0.691983 0.286397
6 0.621798 0.999951 0.622458 0.982438 0.636535 0.983382 0.635875 1.000000
0 0.529790 0.777560 0.528961 0.750651 0.536877 0.750218 0.537705 0.777127
