7 0.427545 0.455586 0.439037 0.420813 0.450840 0.427748 0.439349 0.462521
7 0.280332 0.694391 0.280434 0.654851 0.294147 0.654914 0.294045 0.694454
7 0.431227 0.415320 0.431846 0.379110 0.443773 0.379472 0.443154 0.415682
8 0.424591 0.514554 0.432987 0.477765 0.445071 0.482668 0.436674 0.519457
7 0.412390 0.854445 0.411847 0.806968 0.426673 0.806666 0.427216 0.854143
3 0.021243 0.900308 0.054970 0.809534 0.084226 0.828859 0.050499 0.919633
2 0.897883 0.275312 0.899848 0.249512 0.939617 0.254896 0.937652 0.280697
6 0.416304 0.623995 0.416926 0.579167 0.429529 0.579478 0.428908 0.624305
7 0.440329 0.050886 0.426614 0.025358 0.436234 0.016171 0.449948 0.041699
7 0.437601 0.225896 0.437652 0.193517 0.448858 0.193549 0.448807 0.225927
7 0.338736 0.526463 0.338803 0.510133 0.367514 0.510342 0.367447 0.526672
7 0.309987 0.526465 0.311480 0.509841 0.336367 0.513813 0.334875 0.530437
6 0.553358 0.353416 0.553405 0.308364 0.567475 0.308390 0.567429 0.353442
7 0.436299 0.260316 0.436700 0.226596 0.448076 0.226837 0.447675 0.260556
0 0.536948 0.763632 0.537470 0.740162 0.546906 0.740535 0.546384 0.764005
6 0.424042 0.215576 0.424062 0.178337 0.435854 0.178347 0.435834 0.215587
7 0.395310 0.432246 0.395348 0.415557 0.423050 0.415671 0.423011 0.432359
0 0.579945 0.506243 0.579724 0.484239 0.591149 0.484035 0.591370 0.506038
5 0.530528 0.561014 0.530711 0.538185 0.538222 0.538292 0.538039 0.561120
0 0.556165 0.627028 0.554916 0.604303 0.562845 0.603527 0.564095 0.626253
7 0.439492 0.190220 0.440002 0.157132 0.451133 0.157437 0.450623 0.190524
7 0.440494 0.151592 0.440333 0.120213 0.451693 0.120109 0.451854 0.151489
10 0.953563 0.691539 0.963843 0.649672 1.000000 0.670267 1.000000 0.712134
6 0.417696 0.669127 0.417501 0.628199 0.429699 0.628095 0.429895 0.669023
7 0.440670 0.078804 0.440434 0.046514 0.451517 0.046370 0.451754 0.078660
5 0.545484 0.601700 0.544597 0.579335 0.551391 0.578856 0.552278 0.601220
0 0.427132 0.070662 0.426334 0.040450 0.437452 0.039929 0.438249 0.070140
0 0.552639 0.950392 0.552440 0.930298 0.560122 0.930163 0.560320 0.950257
6 0.423759 0.251056 0.424012 0.216162 0.435096 0.216305 0.434842 0.251199
12 0.835286 0.999846 0.835750 0.987807 0.853776 0.989043 0.853312 1.000000
7 0.444882 0.667893 0.445525 0.627668 0.455118 0.627940 0.454475 0.668166
8 0.430179 0.665473 0.431444 0.624796 0.444170 0.625499 0.442905 0.666176
3 0.372461 0.826199 0.373178 0.733235 0.394206 0.733523 0.393489 0.826487
5 0.422247 0.354641 0.422037 0.339235 0.427232 0.339109 0.427442 0.354515
7 0.602095 0.459862 0.605457 0.446007 0.629676 0.456458 0.626314 0.470312
5 0.522536 0.314736 0.523201 0.293248 0.529547 0.293597 0.528883 0.315085
12 0.226750 0.718072 0.229755 0.671761 0.245646 0.673594 0.242641 0.719906
0 0.528634 0.459890 0.528682 0.438688 0.536991 0.438721 0.536943 0.459923
5 0.421512 0.316071 0.422148 0.300567 0.427316 0.300943 0.426680 0.316447
6 0.400784 0.778180 0.401728 0.734491 0.415362 0.735015 0.414418 0.778703
0 0.131008 0.775699 0.146048 0.744733 0.158576 0.755551 0.143535 0.786517
6 0.420731 0.801290 0.420415 0.750250 0.434086 0.750099 0.434403 0.801139
0 0.545108 0.831489 0.544013 0.809499 0.552027 0.808789 0.553123 0.830779
7 0.294913 0.692938 0.295377 0.677010 0.325920 0.678590 0.325457 0.694517
7 0.431125 0.374988 0.430709 0.339489 0.442313 0.339248 0.442728 0.374747
