12 0.478063 0.403570 0.498234 0.346289 0.516208 0.357541 0.496037 0.414823
6 0.416290 0.586503 0.436519 0.528874 0.451939 0.538497 0.431710 0.596126
7 0.567199 0.479174 0.573999 0.457562 0.615093 0.480548 0.608293 0.502161
0 0.472026 0.677015 0.483425 0.648967 0.493599 0.656318 0.482200 0.684366
6 0.390230 0.656729 0.412433 0.599038 0.427348 0.609243 0.405145 0.666934
0 0.536140 0.353940 0.545563 0.326397 0.554485 0.331824 0.545062 0.359367
8 0.573569 0.453398 0.580080 0.432330 0.621223 0.454935 0.614712 0.476003
0 0.509419 0.669895 0.522469 0.636750 0.533810 0.644688 0.520761 0.677834
5 0.516342 0.509710 0.525440 0.486764 0.533397 0.492373 0.524299 0.515319
2 0.067698 0.477339 0.090520 0.405149 0.110558 0.416411 0.087735 0.488601
1 0.343938 0.598176 0.354018 0.566679 0.366967 0.574046 0.356887 0.605543
2 0.239542 0.572049 0.269359 0.489066 0.293270 0.504340 0.263453 0.587323
0 0.460254 0.809416 0.474695 0.769600 0.490007 0.779473 0.475566 0.819289
7 0.327703 0.828194 0.346937 0.773012 0.362922 0.782917 0.343688 0.838099
2 0.063032 0.611458 0.083431 0.550259 0.101160 0.560765 0.080761 0.621963
12 0.200376 0.889462 0.222611 0.832379 0.239207 0.843871 0.216973 0.900955
2 0.040383 0.612568 0.061322 0.549125 0.080450 0.560348 0.059511 0.623792
0 0.610232 0.217008 0.624107 0.183494 0.634039 0.190804 0.620164 0.224318
7 0.439043 0.804809 0.458739 0.741648 0.475150 0.750746 0.455454 0.813907
5 0.456355 0.418430 0.455328 0.396392 0.462395 0.395806 0.463422 0.417845
2 0.041829 0.473018 0.065923 0.396126 0.088900 0.408926 0.064806 0.485818
0 0.403813 0.945563 0.428209 0.897927 0.439937 0.908604 0.415541 0.956240
2 0.016366 0.615011 0.038288 0.547831 0.058049 0.559295 0.036126 0.626475
2 0.000000 0.623180 0.013165 0.547728 0.035396 0.560154 0.011672 0.635606
5 0.600137 0.297869 0.598481 0.288596 0.616009 0.283034 0.617665 0.292307
0 0.599665 0.346945 0.612876 0.314925 0.622730 0.322153 0.609520 0.354172
5 0.612508 0.181300 0.622542 0.154847 0.631242 0.160714 0.621208 0.187167
5 0.609356 0.441283 0.611997 0.433587 0.628144 0.443440 0.625503 0.451135
2 0.014124 0.467120 0.039862 0.386535 0.064001 0.400242 0.038263 0.480826
0 0.497176 0.711898 0.508257 0.679424 0.520272 0.686713 0.509190 0.719187
12 0.499753 0.345233 0.518929 0.286352 0.535143 0.295739 0.515966 0.354620
0 0.471594 0.319097 0.478351 0.293832 0.489864 0.299306 0.483107 0.324571
5 0.614809 0.356137 0.622075 0.333326 0.628420 0.336919 0.621154 0.359730
11 0.000000 0.364587 0.000000 0.335172 0.181939 0.409719 0.175160 0.439134
5 0.360039 0.874352 0.366355 0.852852 0.372773 0.856204 0.366458 0.877704
2 0.575518 0.416486 0.591488 0.368195 0.605732 0.376569 0.589762 0.424861
2 0.083617 0.611723 0.101239 0.552918 0.118076 0.561888 0.100454 0.620693
2 0.108906 0.485938 0.129887 0.420202 0.147214 0.430034 0.126233 0.495770
2 0.089001 0.482450 0.110428 0.412635 0.129619 0.423106 0.108192 0.492921
10 0.055609 0.999207 0.075158 0.953115 0.101552 0.973015 0.082004 1.000000
0 0.651911 0.043906 0.648229 0.029049 0.674131 0.017639 0.677812 0.032496
5 0.384482 0.506012 0.394637 0.478427 0.402497 0.483571 0.392342 0.511157
0 0.441183 0.867055 0.450506 0.844221 0.465588 0.855168 0.456264 0.878002
7 0.626474 0.027015 0.615272 0.006482 0.644360 0.000000 0.655562 0.000000
6 0.455072 0.604670 0.473846 0.544712 0.488678 0.552969 0.469904 0.612927
5 0.821382 0.179713 0.813047 0.159275 0.821326 0.153273 0.829661 0.173711
5 0.841887 0.253879 0.833010 0.234003 0.840925 0.227718 0.849802 0.247594
6 0.386421 0.017917 0.396535 0.000000 0.413123 0.000000 0.403009 0.028407
11 0.518527 0.283412 0.542809 0.219048 0.558556 0.229609 0.534274 0.293973
2 0.000000 0.456537 0.011161 0.375260 0.038924 0.389644 0.015239 0.470920
0 0.478216 0.764914 0.486538 0.741067 0.497045 0.747586 0.488722 0.771433
0 0.680720 0.185096 0.696465 0.138381 0.714072 0.148932 0.698327 0.195646
4 0.000000 0.009533 0.005548 0.000000 0.023182 0.000130 0.013642 0.022753
5 0.520424 0.606432 0.526944 0.584549 0.533482 0.588013 0.526962 0.609895
9 0.143244 0.493923 0.163662 0.430934 0.178371 0.439411 0.157953 0.502399
0 0.712003 0.122471 0.709813 0.108493 0.731226 0.102529 0.733416 0.116507
