0 0.603081 0.482415 0.602289 0.453528 0.613065 0.453002 0.613857 0.481889
0 0.335601 0.158574 0.329884 0.116904 0.342524 0.113822 0.348241 0.155491
0 0.138004 0.505744 0.134400 0.489910 0.156267 0.481061 0.159871 0.496895
3 0.297745 1.000000 0.256672 0.871123 0.300172 0.849026 0.341245 0.992766
6 0.602243 0.559349 0.602258 0.528837 0.612861 0.528846 0.612847 0.559358
12 0.105771 0.899560 0.095700 0.869004 0.120271 0.854606 0.130342 0.885163
0 0.587773 0.395626 0.586687 0.374299 0.595821 0.373472 0.596907 0.394798
5 0.631324 0.939533 0.629684 0.907186 0.639509 0.906300 0.641149 0.938648
1 0.830202 0.756509 0.824835 0.729871 0.833339 0.726825 0.838706 0.753463
5 0.601896 0.447247 0.600528 0.428520 0.606437 0.427753 0.607805 0.446480
12 0.001116 0.495070 0.000000 0.450465 0.028246 0.432708 0.039772 0.477313
3 0.430734 0.306411 0.425494 0.246050 0.439188 0.243936 0.444428 0.304297
1 0.813672 0.813046 0.808702 0.786428 0.817578 0.783482 0.822548 0.810100
0 0.149797 0.543810 0.145948 0.529156 0.166869 0.519385 0.170719 0.534039
5 0.600753 0.402361 0.600244 0.385448 0.606018 0.385139 0.606527 0.402052
2 0.413083 0.247776 0.408540 0.221112 0.488089 0.197016 0.492632 0.223680
1 0.821356 0.785437 0.816673 0.759017 0.825519 0.756229 0.830202 0.782650
