12 0.335278 0.785636 0.322396 0.764360 0.363680 0.719920 0.376563 0.741195
7 0.745038 0.214264 0.733614 0.196680 0.762253 0.163601 0.773678 0.181185
8 0.551701 0.470115 0.541641 0.454602 0.571216 0.420510 0.581275 0.436023
7 0.519037 0.467048 0.508916 0.451175 0.538776 0.417327 0.548897 0.433200
8 0.556191 0.418916 0.546513 0.402643 0.576101 0.371362 0.585779 0.387635
7 0.779619 0.173719 0.769999 0.158617 0.796944 0.128104 0.806563 0.143206
7 0.515455 0.513191 0.505177 0.498581 0.534024 0.462504 0.544302 0.477113
8 0.608547 0.402471 0.599179 0.386480 0.627912 0.356557 0.637279 0.372548
7 0.808189 0.139576 0.797665 0.123725 0.828790 0.086987 0.839314 0.102838
8 0.593312 0.351178 0.583625 0.334970 0.612417 0.304377 0.622104 0.320585
7 0.643478 0.326610 0.634209 0.311514 0.662772 0.280335 0.672041 0.295431
13 0.315280 0.704823 0.305673 0.688037 0.340970 0.652122 0.350577 0.668908
7 0.711242 0.252243 0.701544 0.236495 0.730424 0.204875 0.740123 0.220623
6 0.407288 0.602774 0.397092 0.586560 0.429170 0.550698 0.439366 0.566912
7 0.179874 0.971023 0.169346 0.957116 0.198512 0.917866 0.209039 0.931773
5 0.426923 0.621973 0.421549 0.613255 0.435317 0.598166 0.440691 0.606884
5 0.427789 0.486037 0.425197 0.478503 0.438747 0.470213 0.441340 0.477747
10 0.329711 0.151048 0.286052 0.035743 0.311434 0.018657 0.355094 0.133962
1 0.486824 0.504665 0.479390 0.492854 0.497030 0.473113 0.504465 0.484924
5 0.393026 0.616009 0.390254 0.606736 0.405606 0.598574 0.408379 0.607847
5 0.609580 0.417288 0.605700 0.410658 0.618545 0.397295 0.622425 0.403925
6 0.645668 0.359536 0.636902 0.344283 0.665790 0.314769 0.674556 0.330023
5 0.489107 0.471528 0.500363 0.457697 0.504643 0.463888 0.493387 0.477720
5 0.627259 0.337720 0.622943 0.329898 0.635241 0.317835 0.639557 0.325658
12 0.109283 0.895671 0.095760 0.873495 0.141629 0.823773 0.155151 0.845950
5 0.213937 0.742761 0.210572 0.735166 0.224865 0.723906 0.228230 0.731500
5 0.412465 0.562208 0.407718 0.552918 0.423602 0.538486 0.428350 0.547776
12 0.405253 0.551207 0.396471 0.535847 0.421309 0.510599 0.430092 0.525959
5 0.526708 0.417215 0.521684 0.409374 0.535271 0.393896 0.540296 0.401737
5 0.245299 0.732385 0.240746 0.724598 0.255483 0.709281 0.260035 0.717069
5 0.277999 0.733018 0.274588 0.725371 0.288667 0.714204 0.292079 0.721851
5 0.423717 0.537904 0.437088 0.518331 0.442819 0.525290 0.429448 0.544864
7 0.363192 0.652016 0.353877 0.636663 0.383943 0.604234 0.393258 0.619587
0 0.668399 0.278819 0.664856 0.267316 0.683164 0.257292 0.686707 0.268795
5 0.664508 0.318764 0.660953 0.311492 0.672992 0.301028 0.676547 0.308300
12 0.045900 0.977702 0.035856 0.961856 0.070962 0.922298 0.081006 0.938144
5 0.739687 0.259327 0.734254 0.251168 0.747813 0.235117 0.753246 0.243276
5 0.708218 0.281373 0.719633 0.264679 0.724595 0.270710 0.713179 0.287404
5 0.368687 0.691567 0.362768 0.683186 0.376951 0.665377 0.382870 0.673759
5 0.266450 0.700905 0.263449 0.693423 0.278862 0.682429 0.281864 0.689911
5 0.441899 0.509678 0.454026 0.491069 0.460575 0.498655 0.448448 0.517265
5 0.561714 0.531984 0.551553 0.514726 0.557036 0.508988 0.567197 0.526246
5 0.289440 0.696540 0.299698 0.680767 0.304310 0.686099 0.294052 0.701872
5 0.674590 0.234722 0.670878 0.228105 0.683744 0.215278 0.687455 0.221895
5 0.399506 0.633267 0.394733 0.625241 0.409348 0.609789 0.414121 0.617815
5 0.350346 0.623609 0.363633 0.605088 0.369446 0.612502 0.356159 0.631023
5 0.312064 0.721042 0.307920 0.713691 0.321790 0.699792 0.325934 0.707143
5 0.907357 0.070809 0.902634 0.062079 0.918684 0.046639 0.923408 0.055368
5 0.371513 0.612154 0.367186 0.603579 0.383174 0.589235 0.387502 0.597810
5 0.624287 0.302813 0.637506 0.284901 0.642901 0.291979 0.629681 0.309891
5 0.584533 0.373594 0.579644 0.366207 0.592810 0.350712 0.597700 0.358098
5 0.691012 0.272207 0.702865 0.259813 0.706905 0.266682 0.695052 0.279076
0 0.481204 0.991324 0.469164 0.961174 0.484421 0.950342 0.496461 0.980493
7 0.880770 0.066060 0.871315 0.048184 0.904646 0.016839 0.914102 0.034716
5 0.318821 0.726657 0.314603 0.719265 0.327012 0.706677 0.331230 0.714069
5 0.166944 0.926779 0.162296 0.917713 0.177587 0.903777 0.182235 0.912842
5 0.274521 0.706186 0.271940 0.699330 0.285375 0.690341 0.287955 0.697198
6 0.447529 0.556851 0.436911 0.540748 0.467445 0.504955 0.478063 0.521057
5 0.931978 0.048393 0.928843 0.039929 0.944064 0.029906 0.947199 0.038370
5 0.691829 0.295691 0.700105 0.278263 0.705046 0.282434 0.696770 0.299862
5 0.860403 0.070344 0.855936 0.063380 0.868763 0.048753 0.873230 0.055717
5 0.291035 0.738363 0.286280 0.729364 0.302194 0.714415 0.306949 0.723414
0 0.012918 0.720880 0.003918 0.695924 0.014963 0.688842 0.023963 0.713798
5 0.287830 0.710863 0.303429 0.691995 0.309045 0.700248 0.293446 0.719117
5 0.680018 0.312649 0.690585 0.296287 0.695503 0.301934 0.684936 0.318296
5 0.541501 0.400727 0.537003 0.393290 0.550166 0.379135 0.554664 0.386571
1 0.609584 0.363178 0.602193 0.351460 0.619583 0.331961 0.626973 0.343679
12 0.524115 0.868984 0.465898 0.706351 0.496979 0.686571 0.555196 0.849205
0 0.169287 0.854582 0.163012 0.844239 0.181234 0.824585 0.187509 0.834928
1 0.222414 0.781938 0.221172 0.767001 0.242169 0.763896 0.243412 0.778832
1 0.259567 0.820554 0.278979 0.785659 0.290954 0.797501 0.271542 0.832396
11 0.273950 0.886447 0.261540 0.868614 0.330737 0.782998 0.343148 0.800830
5 0.677704 0.327461 0.688267 0.312808 0.692609 0.318373 0.682046 0.333025
7 0.390238 0.698698 0.382702 0.688537 0.398303 0.667968 0.405839 0.678130
5 0.481404 0.546082 0.475128 0.536022 0.499065 0.509473 0.505341 0.519534
0 0.091782 0.700100 0.081391 0.678101 0.089338 0.671428 0.099729 0.693427
7 0.375362 0.722991 0.368486 0.713397 0.385054 0.692287 0.391930 0.701881
7 0.330425 0.649870 0.324788 0.639558 0.342491 0.622352 0.348129 0.632664
5 0.336485 0.731933 0.331433 0.724537 0.344765 0.708345 0.349817 0.715741
7 0.746103 0.286398 0.738353 0.272773 0.758063 0.252838 0.765814 0.266463
5 0.222509 0.849142 0.216171 0.838312 0.233481 0.820303 0.239819 0.831133
7 0.243062 0.772881 0.235038 0.755576 0.267876 0.728508 0.275900 0.745813
5 0.516461 0.378117 0.529086 0.365101 0.533018 0.371883 0.520393 0.384899
0 0.238289 0.477597 0.224617 0.441268 0.240357 0.430736 0.254029 0.467066
5 0.301819 0.775166 0.294964 0.764852 0.311202 0.745667 0.318057 0.755981
0 0.053601 0.757824 0.044726 0.733125 0.054472 0.726899 0.063347 0.751598
11 0.221276 0.282142 0.106697 0.006351 0.145652 0.000000 0.260230 0.253372
5 0.277633 0.675103 0.290021 0.655364 0.296325 0.662397 0.283937 0.682136
0 0.032861 0.765611 0.023095 0.739755 0.033154 0.733000 0.042921 0.758856
1 0.361395 0.677974 0.354564 0.665439 0.371417 0.649110 0.378249 0.661644
0 0.035920 0.713680 0.026491 0.690207 0.035825 0.683542 0.045253 0.707015
7 0.650640 0.379871 0.641744 0.363879 0.671235 0.334712 0.680131 0.350705
5 0.692464 0.259006 0.703711 0.247305 0.707536 0.253841 0.696289 0.265542
12 0.516764 0.662175 0.496144 0.616616 0.515528 0.601019 0.536148 0.646578
5 0.345721 0.626142 0.339347 0.617214 0.352716 0.600247 0.359090 0.609175
