6 0.547418 0.440103 0.538683 0.392282 0.551801 0.388022 0.560536 0.435843
13 0.032942 0.496692 0.029352 0.476260 0.065040 0.465113 0.068630 0.485546
8 0.604060 0.972463 0.597190 0.925739 0.611565 0.921982 0.618435 0.968705
7 0.077313 0.364449 0.071664 0.320648 0.088442 0.316801 0.094091 0.360602
8 0.028928 0.469968 0.026101 0.451956 0.059874 0.442532 0.062701 0.460544
6 0.565317 0.543265 0.556466 0.495616 0.569058 0.491458 0.577909 0.539106
7 0.189986 0.156819 0.182879 0.109140 0.198556 0.104987 0.205662 0.152665
8 0.255268 0.135108 0.246565 0.082422 0.261919 0.077912 0.270623 0.130599
7 0.289204 0.404724 0.286088 0.385629 0.322254 0.375137 0.325370 0.394232
13 0.510150 0.245477 0.503244 0.198630 0.517194 0.194974 0.524100 0.241821
8 0.000434 0.308257 0.000000 0.288867 0.030947 0.279591 0.033964 0.298980
0 0.584261 0.930444 0.581088 0.906289 0.589698 0.904279 0.592870 0.928434
1 0.623215 0.342131 0.621904 0.328353 0.642410 0.324883 0.643721 0.338661
6 0.005356 0.331229 0.002049 0.312046 0.034487 0.302104 0.037795 0.321287
8 0.026131 0.448366 0.022651 0.429785 0.055054 0.418995 0.058534 0.437576
5 0.634695 0.867158 0.631169 0.848984 0.637700 0.846731 0.641227 0.864905
12 0.538315 0.817026 0.528084 0.764874 0.541893 0.760058 0.552125 0.812209
7 0.014840 0.354115 0.011693 0.336153 0.038415 0.327829 0.041562 0.345792
7 0.000291 0.259274 0.000000 0.238608 0.021909 0.232566 0.024778 0.253233
7 0.066996 0.302767 0.058496 0.261028 0.074541 0.255219 0.083041 0.296958
6 0.599660 0.565427 0.595160 0.529729 0.607632 0.526935 0.612131 0.562632
5 0.617956 0.272485 0.616998 0.265318 0.629961 0.262237 0.630919 0.269405
0 0.691076 0.882585 0.686449 0.858089 0.695903 0.854915 0.700530 0.879411
12 0.046095 0.768513 0.031040 0.686829 0.057941 0.678015 0.072996 0.759699
12 0.525231 0.749816 0.517181 0.701337 0.530498 0.697406 0.538548 0.745885
0 0.670019 0.856573 0.674601 0.833003 0.684669 0.836483 0.680086 0.860053
5 0.631929 0.904266 0.638439 0.882215 0.645675 0.886012 0.639165 0.908063
5 0.687975 0.818887 0.682148 0.798021 0.689629 0.794307 0.695456 0.815173
6 0.000302 0.284045 0.000000 0.263277 0.026716 0.256232 0.029532 0.277000
5 0.577440 0.340554 0.575656 0.321835 0.581154 0.320904 0.582937 0.339623
0 0.705965 0.979164 0.700611 0.946115 0.711222 0.943059 0.716577 0.976107
8 0.143656 0.173488 0.135425 0.126042 0.151917 0.120957 0.160147 0.168402
12 0.499003 0.964913 0.487654 0.892918 0.505685 0.887865 0.517033 0.959860
5 0.502306 0.281829 0.493796 0.264383 0.500038 0.258970 0.508548 0.276416
2 0.443259 0.534922 0.431519 0.466329 0.444761 0.462300 0.456501 0.530893
1 0.628497 0.359156 0.627226 0.343842 0.647545 0.340844 0.648816 0.356158
4 0.503247 0.198285 0.494086 0.148816 0.507691 0.144337 0.516852 0.193806
7 0.173996 0.156865 0.167747 0.115198 0.181472 0.111538 0.187722 0.153205
5 0.590268 0.340749 0.587020 0.319828 0.595149 0.317584 0.598396 0.338506
5 0.719459 0.788751 0.717868 0.782424 0.731062 0.776526 0.732653 0.782853
5 0.558728 0.800138 0.553338 0.779328 0.560022 0.776250 0.565412 0.797061
3 0.771191 0.328663 0.762268 0.224654 0.784017 0.221337 0.792940 0.325346
7 0.317369 0.107834 0.309219 0.062638 0.323256 0.058138 0.331406 0.103334
5 0.657887 0.833564 0.652187 0.818877 0.657738 0.815047 0.663438 0.829734
5 0.674074 0.756601 0.668481 0.735024 0.675926 0.731593 0.681519 0.753170
0 0.718875 0.843619 0.711494 0.799833 0.729042 0.794575 0.736422 0.838361
7 0.269892 0.124393 0.262930 0.078269 0.278024 0.074218 0.284987 0.120342
0 0.699627 0.937824 0.694811 0.912116 0.707144 0.908009 0.711960 0.933717
7 0.630228 1.000000 0.622282 0.967607 0.636439 0.962184 0.644385 0.999060
0 0.535962 0.221932 0.532149 0.198409 0.540079 0.196123 0.543893 0.219647
2 0.159722 0.708631 0.151624 0.645661 0.167362 0.642063 0.175459 0.705033
7 0.224087 0.143938 0.216251 0.098688 0.230080 0.094430 0.237916 0.139680
12 0.000190 0.742964 0.000000 0.682396 0.030034 0.675091 0.036827 0.735659
1 0.126939 0.173924 0.120613 0.131880 0.135821 0.127812 0.142147 0.169856
5 0.625545 0.298334 0.623446 0.292026 0.635914 0.284652 0.638012 0.290960
6 0.538716 0.314004 0.530355 0.267760 0.543836 0.263426 0.552197 0.309671
0 0.708919 0.911832 0.706103 0.887094 0.714519 0.885390 0.717335 0.910129
6 0.000173 0.234845 0.000000 0.216153 0.016372 0.210814 0.019306 0.229507
5 0.480176 0.366038 0.476203 0.344367 0.483626 0.341948 0.487599 0.363619
