6 0.648065 0.670227 0.646062 0.612085 0.663394 0.611023 0.665397 0.669165
12 0.294951 0.338385 0.306641 0.322791 0.346195 0.375504 0.334505 0.391098
12 0.247171 0.295941 0.260758 0.275518 0.300745 0.322809 0.287158 0.343232
7 0.866334 0.617047 0.855110 0.600825 0.882625 0.566981 0.893849 0.583203
12 0.344297 0.064409 0.300060 0.002987 0.311953 0.000000 0.356190 0.049183
12 0.388001 0.198091 0.400673 0.180078 0.453665 0.246354 0.440994 0.264366
1 0.565359 0.806536 0.565477 0.773941 0.577610 0.774019 0.577492 0.806614
0 0.678272 0.775897 0.683966 0.762990 0.706103 0.780353 0.700409 0.793260
5 0.566800 0.576152 0.566721 0.555145 0.573825 0.555098 0.573904 0.576105
12 0.238385 0.207083 0.204260 0.164488 0.215261 0.148820 0.249386 0.191415
1 0.723296 0.955376 0.716767 0.936916 0.737641 0.923790 0.744171 0.942250
0 0.575789 0.207105 0.576825 0.176842 0.586711 0.177443 0.585675 0.207707
12 0.919107 0.716047 0.902456 0.692123 0.966309 0.613119 0.982960 0.637044
12 0.321292 0.098004 0.269382 0.015455 0.282353 0.000954 0.334263 0.083503
5 0.565490 0.884933 0.565905 0.863424 0.573312 0.863678 0.572897 0.885188
5 0.545608 0.559628 0.545417 0.541184 0.551788 0.541066 0.551979 0.559511
5 0.824261 0.859545 0.822467 0.850155 0.838760 0.844622 0.840554 0.854012
0 0.651197 0.566261 0.655147 0.535546 0.665470 0.537906 0.661520 0.568621
12 0.441217 0.502864 0.460336 0.480030 0.498887 0.537414 0.479769 0.560248
7 0.865238 0.523696 0.879360 0.508811 0.904554 0.551304 0.890432 0.566189
5 0.811088 0.963848 0.808358 0.955711 0.824849 0.945874 0.827579 0.954011
5 0.703517 0.923078 0.708505 0.900288 0.716275 0.903311 0.711286 0.926101
5 0.664398 0.625563 0.666110 0.602542 0.674143 0.603604 0.672432 0.626625
1 0.623771 0.645911 0.624017 0.614338 0.636125 0.614505 0.635879 0.646079
7 0.878948 0.507591 0.891557 0.494005 0.915843 0.534076 0.903235 0.547661
12 0.233103 0.456139 0.244335 0.440994 0.276532 0.483444 0.265300 0.498589
11 0.362082 0.000000 0.383365 0.000000 0.530626 0.181315 0.509343 0.207906
12 0.312409 0.302997 0.323270 0.287930 0.369362 0.347003 0.358501 0.362070
12 0.015410 0.361517 0.032266 0.340784 0.080163 0.410011 0.063307 0.430744
7 0.110208 0.735783 0.098701 0.720161 0.130287 0.678800 0.141794 0.694423
0 0.671503 0.014942 0.676016 0.000000 0.684747 0.000000 0.680234 0.018685
8 0.818539 0.733877 0.807921 0.716411 0.840315 0.681401 0.850933 0.698867
12 0.446275 0.258541 0.493844 0.193325 0.506329 0.209515 0.458760 0.274730
12 0.422994 0.567754 0.445642 0.541231 0.485469 0.601691 0.462821 0.628213
5 0.822458 0.971295 0.831181 0.954457 0.836397 0.959261 0.827674 0.976099
5 0.720875 0.895328 0.727998 0.866080 0.736938 0.869950 0.729815 0.899198
6 0.634994 0.686879 0.634700 0.652137 0.643131 0.652010 0.643425 0.686752
5 0.971137 0.456221 0.982930 0.440273 0.988238 0.447251 0.976445 0.463199
5 0.053868 0.474719 0.046223 0.458672 0.051210 0.454448 0.058855 0.470495
12 0.243039 0.214516 0.255654 0.199015 0.319982 0.292081 0.307367 0.307583
5 0.001397 0.497200 0.004263 0.481446 0.010167 0.483355 0.007301 0.499109
7 0.780803 0.919266 0.771566 0.896667 0.808780 0.869623 0.818018 0.892222
12 0.387614 0.191197 0.326993 0.101845 0.340511 0.085539 0.401132 0.174891
12 0.336959 0.754900 0.305402 0.710043 0.323458 0.687461 0.355015 0.732318
12 0.787531 0.232084 0.761160 0.188792 0.830698 0.113489 0.857069 0.156781
11 0.447690 0.215526 0.350720 0.075922 0.367415 0.055308 0.464384 0.194911
5 0.006395 0.498713 0.008929 0.481684 0.014780 0.483232 0.012246 0.500261
5 0.038187 0.486252 0.034148 0.469052 0.040198 0.466526 0.044237 0.483726
0 0.206658 0.541560 0.215988 0.527228 0.239957 0.554967 0.230627 0.569299
11 0.168650 1.000000 0.016420 0.786280 0.055438 0.739953 0.207669 0.967887
3 0.619160 0.785295 0.621040 0.714984 0.644382 0.716094 0.642501 0.786405
