0 0.551818 0.058083 0.550298 0.030596 0.559640 0.029678 0.561160 0.057164
12 0.650502 0.141844 0.647999 0.089825 0.663039 0.088538 0.665543 0.140557
5 0.600594 0.699989 0.600181 0.677339 0.607739 0.677094 0.608152 0.699744
5 0.580065 0.188753 0.579779 0.167837 0.586601 0.167670 0.586888 0.188587
0 0.633865 0.169734 0.633916 0.141044 0.643218 0.141074 0.643167 0.169763
0 0.648091 0.070048 0.643227 0.025377 0.658159 0.022487 0.663023 0.067158
5 0.630926 0.099180 0.629954 0.079725 0.636783 0.079118 0.637755 0.098574
0 0.656587 0.704812 0.655192 0.681513 0.663726 0.680605 0.665121 0.703903
5 0.639140 0.515281 0.639629 0.498268 0.646277 0.498608 0.645788 0.515621
6 0.564966 0.252047 0.563705 0.204116 0.576701 0.203509 0.577962 0.251439
0 0.674691 0.784548 0.673624 0.743818 0.686246 0.743230 0.687313 0.783960
5 0.271039 0.303285 0.264396 0.282431 0.271670 0.278313 0.278312 0.299166
0 0.447152 0.960346 0.440757 0.899745 0.457536 0.896598 0.463930 0.957199
0 0.646190 0.742268 0.643703 0.714098 0.653289 0.712594 0.655776 0.740763
3 0.783532 0.324560 0.803662 0.268501 0.884697 0.320232 0.864567 0.376291
6 0.687218 1.000000 0.683690 0.975153 0.701324 0.971282 0.704852 0.999847
12 0.665598 0.592701 0.662377 0.540272 0.678152 0.538549 0.681373 0.590978
2 0.000000 0.443730 0.016286 0.401722 0.165900 0.548631 0.142698 0.590639
