7 0.551976 0.637688 0.555479 0.601793 0.568076 0.603978 0.564573 0.639874
7 0.487266 0.452562 0.490813 0.428389 0.501276 0.431119 0.497728 0.455291
7 0.452406 0.474897 0.456590 0.451820 0.466344 0.454964 0.462160 0.478041
7 0.654176 0.677275 0.655035 0.640878 0.669261 0.641475 0.668403 0.677872
0 0.660986 0.921772 0.661117 0.892041 0.670785 0.892117 0.670654 0.921847
0 0.528550 0.875353 0.534607 0.848979 0.546450 0.853814 0.540393 0.880188
5 0.553635 0.380867 0.554462 0.363063 0.560688 0.363577 0.559861 0.381382
12 0.348080 0.998798 0.362513 0.976996 0.377180 0.994258 0.362748 1.000000
5 0.478620 0.366552 0.478656 0.351480 0.484141 0.351504 0.484105 0.366575
12 0.493438 0.901064 0.508011 0.854429 0.520624 0.861436 0.506051 0.908071
3 0.085665 0.247386 0.064449 0.189037 0.118111 0.154350 0.139327 0.212699
0 0.677257 0.580164 0.678515 0.557222 0.686806 0.558030 0.685548 0.580973
3 0.000000 0.468906 0.000000 0.424866 0.000000 0.408177 0.019642 0.452217
12 0.769962 0.867207 0.760036 0.850879 0.785767 0.823071 0.795693 0.839398
0 0.365287 0.815902 0.373207 0.793050 0.383476 0.799376 0.375556 0.822228
12 0.481996 0.740510 0.488576 0.695613 0.501858 0.699074 0.495278 0.743971
5 0.563098 0.286977 0.563975 0.273225 0.568933 0.273787 0.568056 0.287539
7 0.497277 0.656902 0.500171 0.624536 0.512098 0.626431 0.509204 0.658798
2 0.552717 0.739531 0.557866 0.696564 0.570981 0.699358 0.565832 0.742325
5 0.674167 0.517586 0.672359 0.498729 0.678437 0.497692 0.680246 0.516549
5 0.482516 0.426034 0.484045 0.411188 0.489359 0.412161 0.487830 0.427006
0 0.727425 0.521474 0.727168 0.512676 0.742887 0.511859 0.743144 0.520658
7 0.547585 0.694164 0.548640 0.676926 0.578196 0.680141 0.577141 0.697380
9 0.380221 0.958275 0.418573 0.882197 0.435404 0.897281 0.397052 0.973359
