8 0.643547 0.854505 0.637583 0.811352 0.651244 0.807995 0.657209 0.851148
8 0.580166 0.556590 0.572974 0.517649 0.585459 0.513549 0.592651 0.552490
3 0.372128 1.000000 0.342508 0.776493 0.382039 0.767483 0.411659 0.998507
5 0.666769 0.891913 0.665618 0.872572 0.671252 0.871976 0.672403 0.891317
5 0.571362 0.563732 0.569078 0.547324 0.574471 0.545990 0.576755 0.562398
5 0.605893 0.668742 0.601549 0.652398 0.606607 0.650008 0.610951 0.666352
5 0.560669 0.586818 0.558917 0.569724 0.564331 0.568738 0.566083 0.585831
0 0.544381 0.394169 0.535407 0.355527 0.547285 0.350623 0.556260 0.389264
5 0.601750 0.570179 0.598779 0.550223 0.605021 0.548571 0.607992 0.568527
5 0.613050 0.877845 0.610494 0.859672 0.616117 0.858266 0.618673 0.876439
0 0.522041 0.375489 0.513566 0.341146 0.524574 0.336317 0.533049 0.370660
0 0.079952 0.610806 0.075023 0.581633 0.086845 0.578082 0.091773 0.607256
5 0.535629 0.405323 0.533478 0.390361 0.538330 0.389121 0.540480 0.404084
5 0.646560 0.971865 0.644737 0.954258 0.650836 0.953135 0.652659 0.970742
8 0.535850 0.296549 0.528805 0.260536 0.540192 0.256576 0.547236 0.292589
5 0.527945 0.419613 0.526121 0.400934 0.532471 0.399831 0.534296 0.418510
5 0.619667 0.924855 0.616899 0.907435 0.623042 0.905701 0.625809 0.923120
5 0.611385 0.821151 0.607974 0.799022 0.615698 0.796905 0.619110 0.819033
5 0.571568 0.636884 0.567913 0.614137 0.576348 0.611727 0.580003 0.634475
3 0.413084 1.000000 0.371682 0.699607 0.415041 0.689302 0.456443 0.999004
7 0.596003 0.711780 0.587693 0.666859 0.600872 0.662525 0.609182 0.707446
0 0.694428 0.986946 0.688623 0.961400 0.698280 0.957499 0.704085 0.983044
7 0.524040 0.306287 0.519267 0.273766 0.530648 0.270796 0.535421 0.303318
0 0.946137 0.759080 0.936285 0.726798 0.948654 0.720087 0.958507 0.752369
