7 0.154512 0.819344 0.161734 0.801163 0.193665 0.823712 0.186443 0.841892
8 0.222683 0.966974 0.233682 0.950569 0.260911 0.983026 0.249911 0.999431
13 0.330466 0.859466 0.332061 0.817332 0.346617 0.818312 0.345023 0.860445
7 0.067281 0.888231 0.076458 0.865860 0.110844 0.890935 0.101667 0.913307
7 0.102196 0.916994 0.113478 0.893642 0.146372 0.921894 0.135090 0.945247
5 0.323734 0.588594 0.334632 0.567667 0.341370 0.573906 0.330472 0.594833
0 0.082303 0.712455 0.087749 0.699210 0.108843 0.714629 0.103397 0.727873
5 0.515356 0.332620 0.524370 0.313619 0.530477 0.318769 0.521464 0.337770
5 0.379778 0.416985 0.389699 0.397010 0.396264 0.402807 0.386342 0.422782
5 0.160695 0.742491 0.160946 0.731683 0.180972 0.732509 0.180721 0.743317
5 0.464210 0.427822 0.473245 0.407113 0.480582 0.412803 0.471547 0.433512
5 0.518912 0.352935 0.528368 0.335405 0.534734 0.341510 0.525278 0.359039
12 0.962937 0.760227 0.978641 0.721986 1.000000 0.750190 1.000000 0.788431
0 0.442326 0.299488 0.452112 0.278520 0.459367 0.284540 0.449581 0.305508
5 0.368053 0.706025 0.374725 0.691573 0.380189 0.696058 0.373518 0.710510
