0 0.500443 0.494660 0.497951 0.464679 0.509452 0.462979 0.511945 0.492960
0 0.552992 0.863026 0.555716 0.829803 0.566799 0.831419 0.564075 0.864641
0 0.539548 0.908138 0.540096 0.883061 0.552119 0.883529 0.551571 0.908605
5 0.548131 0.786397 0.544823 0.764373 0.552911 0.762214 0.556218 0.784238
5 0.509780 0.600103 0.509120 0.583590 0.514179 0.583230 0.514838 0.599744
0 0.040773 0.783627 0.029016 0.741622 0.043472 0.734429 0.055229 0.776434
0 0.570077 0.898463 0.564939 0.868396 0.574715 0.865426 0.579852 0.895493
5 0.503074 0.444143 0.505998 0.427593 0.513072 0.429815 0.510148 0.446365
5 0.560563 0.781246 0.557120 0.760058 0.565479 0.757643 0.568922 0.778831
0 0.487657 0.280301 0.487113 0.261771 0.494895 0.261366 0.495439 0.279895
0 0.545211 1.000000 0.542532 0.969089 0.553748 0.967397 0.556427 0.998966
13 0.489478 0.320466 0.487974 0.300056 0.496199 0.298979 0.497703 0.319388
12 0.973379 0.655081 0.981393 0.629558 1.000000 0.644919 1.000000 0.670442
0 0.569689 0.216296 0.572836 0.200144 0.605571 0.211482 0.602424 0.227634
