7 0.503200 0.199201 0.506163 0.158594 0.521018 0.160521 0.518055 0.201128
5 0.488285 0.237937 0.499009 0.222223 0.504944 0.229424 0.494220 0.245138
8 0.300105 0.203764 0.282234 0.160300 0.296250 0.150056 0.314120 0.193519
10 0.390747 0.830091 0.350572 0.742682 0.366545 0.729631 0.406720 0.817040
12 0.164000 0.795568 0.133355 0.727710 0.151105 0.713460 0.181750 0.781317
5 0.440559 0.291740 0.453705 0.274220 0.459441 0.281871 0.446295 0.299391
0 0.620001 0.824382 0.610924 0.804590 0.617499 0.799229 0.626576 0.819021
11 0.419001 0.285504 0.410079 0.268879 0.460166 0.221093 0.469088 0.237718
0 0.496738 0.516102 0.486942 0.494506 0.494929 0.488065 0.504725 0.509661
11 0.469852 0.465413 0.430575 0.362620 0.445773 0.352296 0.485050 0.455089
11 0.889455 1.000000 0.799423 0.868529 0.818357 0.846136 0.908389 0.981471
3 0.232803 0.953143 0.176468 0.825313 0.195062 0.810746 0.251396 0.938575
