8 0.674780 0.556158 0.682933 0.543012 0.706991 0.569537 0.698838 0.582682
8 0.264879 0.109677 0.272593 0.096797 0.295537 0.121226 0.287824 0.134106
8 0.687009 0.398906 0.694760 0.386206 0.718720 0.412205 0.710969 0.424905
7 0.778467 0.449038 0.785999 0.435317 0.811637 0.460337 0.804105 0.474058
8 0.539990 0.065037 0.547112 0.051685 0.570947 0.074285 0.563826 0.087638
8 0.927670 0.438998 0.926302 0.423436 0.952538 0.419335 0.953906 0.434897
8 0.177059 0.465456 0.185258 0.452533 0.208097 0.478294 0.199898 0.491217
8 0.739408 0.520872 0.748151 0.507729 0.771529 0.535378 0.762787 0.548521
7 0.783678 0.712503 0.789716 0.703283 0.805384 0.721525 0.799347 0.730744
7 0.802946 0.084239 0.811716 0.070084 0.836637 0.097532 0.827868 0.111687
7 0.813437 0.068738 0.821535 0.053662 0.846980 0.077964 0.838881 0.093039
7 0.721694 0.751254 0.699377 0.724757 0.707473 0.712634 0.729790 0.739132
5 0.656786 0.599158 0.660648 0.592272 0.673422 0.605008 0.669560 0.611895
7 0.828309 0.050020 0.838287 0.033623 0.864399 0.061872 0.854421 0.078269
2 0.695940 0.665854 0.706702 0.649835 0.759269 0.712618 0.748507 0.728637
5 0.578433 0.449292 0.568932 0.438901 0.572349 0.433347 0.581849 0.443738
5 0.791844 0.747169 0.781608 0.731963 0.786802 0.725748 0.797037 0.740954
5 0.599063 0.287588 0.588124 0.271917 0.593125 0.265711 0.604064 0.281382
5 0.374836 0.349598 0.378686 0.342992 0.390529 0.355263 0.386679 0.361869
3 0.586207 0.573531 0.602196 0.547177 0.635147 0.582719 0.619158 0.609073
7 0.775509 0.137864 0.784090 0.123506 0.805741 0.146511 0.797160 0.160869
5 0.787567 0.803888 0.775938 0.791105 0.780141 0.784307 0.791770 0.797090
5 0.540016 0.421158 0.529875 0.408137 0.534984 0.401064 0.545125 0.414085
12 0.952837 0.995862 0.964084 0.979639 0.979454 0.998582 0.968208 1.000000
5 0.643451 0.302117 0.646851 0.295854 0.657590 0.306217 0.654191 0.312480
8 0.205448 0.078722 0.212165 0.066560 0.234917 0.088900 0.228199 0.101062
5 0.488031 0.347955 0.478220 0.338546 0.481240 0.332948 0.491051 0.342357
7 0.791335 0.101555 0.800928 0.086437 0.824810 0.113376 0.815218 0.128494
5 0.604697 0.602115 0.607975 0.595250 0.619261 0.604829 0.615983 0.611695
5 0.443802 0.385554 0.448162 0.378171 0.460886 0.391529 0.456526 0.398912
5 0.597887 0.549351 0.585998 0.535566 0.590655 0.528426 0.602543 0.542212
5 0.520854 0.445693 0.525016 0.438226 0.537740 0.450834 0.533577 0.458302
5 0.507385 0.370954 0.511605 0.364013 0.522302 0.375573 0.518082 0.382515
7 0.783559 0.119447 0.792189 0.105900 0.814878 0.131595 0.806249 0.145141
5 0.986700 0.781705 0.989837 0.774991 1.000000 0.784962 0.998705 0.791676
8 0.368520 0.243575 0.375849 0.230886 0.398016 0.253647 0.390687 0.266336
5 0.514821 0.359795 0.519680 0.352751 0.531533 0.367288 0.526674 0.374332
5 0.727924 0.624337 0.733472 0.616428 0.748117 0.634691 0.742570 0.642600
5 0.174983 0.045846 0.178700 0.039378 0.189340 0.050247 0.185622 0.056716
12 0.873384 0.781962 0.881425 0.769400 0.908908 0.800677 0.900867 0.813239
5 0.392345 0.311923 0.385874 0.294594 0.392030 0.290508 0.398501 0.307837
5 0.112141 0.032740 0.116437 0.024938 0.129786 0.038006 0.125490 0.045808
5 0.750885 0.700393 0.754875 0.693810 0.767344 0.707246 0.763354 0.713829
1 0.297882 0.187220 0.303284 0.177839 0.317743 0.192641 0.312341 0.202022
5 0.139918 0.520852 0.137930 0.515348 0.148884 0.508315 0.150872 0.513819
11 0.116117 0.537572 0.138496 0.502439 0.301852 0.687428 0.279473 0.722561
7 0.925201 0.743377 0.933348 0.730016 0.959174 0.758012 0.951027 0.771373
1 0.491379 0.406425 0.497028 0.397547 0.510705 0.413020 0.505055 0.421897
7 0.938786 0.459768 0.937387 0.442889 0.969547 0.438149 0.970947 0.455027
5 0.343768 0.165852 0.348409 0.158723 0.359877 0.171995 0.355236 0.179124
7 0.151879 0.436579 0.160466 0.423084 0.183538 0.449185 0.174950 0.462680
5 0.761256 0.509641 0.765527 0.502868 0.777286 0.516054 0.773015 0.522826
5 0.446176 0.291396 0.450959 0.284318 0.461636 0.297146 0.456853 0.304223
