7 0.712283 0.083154 0.712661 0.061176 0.747613 0.062246 0.747235 0.084223
7 0.146765 0.067280 0.147770 0.045239 0.185006 0.048258 0.184001 0.070299
8 0.521321 0.414028 0.523204 0.364569 0.536752 0.365486 0.534869 0.414945
7 0.754195 0.074913 0.754713 0.054677 0.791118 0.056337 0.790599 0.076573
7 0.564664 0.949680 0.571964 0.931802 0.605128 0.955875 0.597828 0.973753
6 0.809146 0.171220 0.809587 0.150037 0.849708 0.151523 0.849267 0.172706
8 0.544674 0.826288 0.545623 0.776651 0.561316 0.777184 0.560367 0.826821
5 0.434827 0.693562 0.435995 0.666958 0.443559 0.667549 0.442390 0.694153
2 0.297194 0.067362 0.296363 0.003570 0.313743 0.003167 0.314575 0.066960
1 0.531331 0.228373 0.532012 0.199481 0.542627 0.199926 0.541946 0.228818
7 0.811209 0.218871 0.810659 0.198615 0.849208 0.196754 0.849758 0.217010
7 0.709024 0.169086 0.708600 0.148846 0.742538 0.147581 0.742963 0.167820
5 0.560592 0.126775 0.560955 0.106555 0.566492 0.106732 0.566128 0.126952
5 0.669658 0.272010 0.669306 0.264863 0.683988 0.263581 0.684340 0.270727
5 0.445108 0.109652 0.445392 0.088453 0.452028 0.088612 0.451743 0.109811
0 0.420159 0.723365 0.421445 0.697401 0.430101 0.698163 0.428816 0.724127
5 0.417310 0.961053 0.415814 0.941275 0.422794 0.940336 0.424290 0.960114
7 0.263818 0.183683 0.262872 0.132222 0.279411 0.131682 0.280357 0.183142
5 0.435504 0.855378 0.436052 0.827675 0.444053 0.827956 0.443505 0.855659
1 0.539405 0.091414 0.539665 0.060166 0.550179 0.060322 0.549918 0.091570
6 0.557667 0.496144 0.559715 0.447870 0.574625 0.448995 0.572576 0.497269
6 0.709645 0.198125 0.708263 0.175544 0.748688 0.171146 0.750070 0.193727
7 0.809485 0.195274 0.810042 0.174910 0.851973 0.176948 0.851417 0.197312
7 0.814193 0.095763 0.814911 0.071520 0.859245 0.073855 0.858526 0.098098
0 0.159055 0.547903 0.158604 0.532355 0.179747 0.531263 0.180198 0.546812
2 0.350100 0.189770 0.351206 0.130587 0.365525 0.131063 0.364419 0.190246
2 0.306461 0.188121 0.304480 0.135670 0.320102 0.134622 0.322082 0.187073
0 0.031027 0.386583 0.041687 0.344289 0.057254 0.351265 0.046594 0.393558
7 0.710272 0.117449 0.710911 0.092594 0.753269 0.094530 0.752630 0.119385
13 0.729267 0.143828 0.730919 0.120865 0.772817 0.126224 0.771164 0.149187
2 0.323964 0.181133 0.322187 0.130233 0.337494 0.129283 0.339271 0.180183
12 0.260415 0.061576 0.259365 0.002651 0.275522 0.002140 0.276573 0.061064
12 0.243112 0.181918 0.242422 0.129756 0.258972 0.129367 0.259662 0.181529
2 0.264057 0.423166 0.263629 0.345824 0.288027 0.345584 0.288454 0.422926
7 0.813493 0.121786 0.813525 0.098935 0.858382 0.099047 0.858350 0.121899
10 0.000149 0.602482 0.000000 0.557683 0.016159 0.555852 0.018653 0.600650
13 0.317824 0.063288 0.317010 0.004834 0.333739 0.004420 0.334552 0.062874
13 0.705957 0.226748 0.705455 0.204785 0.746647 0.203114 0.747149 0.225076
