7 0.084334 0.402413 0.084351 0.381558 0.122828 0.381615 0.122810 0.402470
8 0.045614 0.615703 0.042245 0.596160 0.080949 0.584297 0.084318 0.603840
5 0.141441 0.539644 0.141437 0.531202 0.157778 0.531189 0.157782 0.539631
1 0.581654 0.624490 0.580908 0.608701 0.604023 0.606760 0.604769 0.622549
0 0.269784 0.539101 0.270104 0.526651 0.290112 0.527566 0.289792 0.540015
1 0.000000 0.587964 0.000000 0.572737 0.022588 0.568980 0.023927 0.584208
5 0.868097 0.555300 0.868218 0.546306 0.888153 0.546783 0.888032 0.555777
1 0.542534 0.631986 0.542929 0.616946 0.565799 0.618014 0.565404 0.633054
1 0.505346 0.625460 0.505202 0.609597 0.525904 0.609262 0.526048 0.625125
7 0.806831 0.795374 0.807279 0.771075 0.856190 0.772682 0.855741 0.796980
1 0.428366 0.538112 0.428276 0.523247 0.451322 0.522999 0.451412 0.537864
5 0.976368 0.562020 0.976366 0.551875 0.997590 0.551869 0.997592 0.562014
5 0.118101 0.521802 0.118089 0.512958 0.134113 0.512920 0.134125 0.521764
7 0.112966 0.633276 0.106602 0.619744 0.127659 0.602140 0.134023 0.615672
5 0.745577 0.503567 0.747155 0.496116 0.762756 0.501989 0.761179 0.509439
5 0.036707 0.438768 0.036883 0.429309 0.057238 0.429982 0.057062 0.439441
8 0.849654 0.198907 0.839577 0.184169 0.873783 0.142587 0.883861 0.157324
0 0.156888 0.425902 0.156914 0.413598 0.179310 0.413681 0.179284 0.425986
5 0.797201 0.621562 0.797828 0.614340 0.812694 0.616632 0.812068 0.623854
7 0.324240 0.575171 0.324463 0.560308 0.348156 0.560940 0.347933 0.575803
3 0.560043 0.020873 0.559896 0.000084 0.573291 0.000000 0.573437 0.020706
11 0.609564 0.674824 0.571017 0.623101 0.758144 0.375176 0.796691 0.426899
3 0.007460 0.086610 0.055771 0.008087 0.094428 0.050369 0.046117 0.128892
7 0.250716 0.201191 0.248022 0.148058 0.265690 0.146465 0.268384 0.199599
6 0.954790 0.541440 0.955185 0.520288 0.999377 0.521754 0.998982 0.542906
5 0.364778 0.590921 0.364533 0.582898 0.381186 0.581995 0.381431 0.590018
0 0.535982 0.433940 0.534169 0.421499 0.555164 0.416060 0.556976 0.428501
7 0.806536 0.851290 0.806882 0.824016 0.854922 0.825099 0.854576 0.852373
5 0.807901 0.081494 0.818558 0.068753 0.822829 0.075103 0.812171 0.087844
6 0.176043 0.146587 0.175699 0.086779 0.195832 0.086573 0.196176 0.146380
0 0.697197 0.572781 0.697107 0.560825 0.717386 0.560552 0.717476 0.572509
0 0.793952 0.371293 0.799502 0.343799 0.809694 0.347457 0.804144 0.374951
0 0.825365 0.397970 0.825827 0.366899 0.841302 0.367308 0.840840 0.398379
0 0.082364 0.473592 0.082082 0.459241 0.107480 0.458352 0.107762 0.472703
2 0.355992 0.926436 0.356661 0.896436 0.410349 0.898564 0.409680 0.928564
5 0.943503 0.147248 0.939704 0.140604 0.953372 0.126710 0.957171 0.133354
1 0.826720 0.610038 0.826829 0.594523 0.850884 0.594823 0.850775 0.610339
3 0.500380 0.270789 0.464271 0.207508 0.474880 0.196746 0.510989 0.260027
0 0.887451 0.420863 0.887617 0.407117 0.910466 0.407609 0.910299 0.421355
0 0.902381 0.189086 0.895090 0.179167 0.910119 0.159525 0.917410 0.169444
6 0.000000 0.406319 0.000000 0.385193 0.013362 0.385348 0.013224 0.406474
2 0.218588 0.879190 0.218969 0.861652 0.276204 0.863865 0.275823 0.881403
5 0.080763 0.453207 0.080963 0.441850 0.105696 0.442626 0.105495 0.453983
2 0.238431 0.855239 0.238774 0.839838 0.292819 0.841983 0.292476 0.857384
2 0.254799 0.834443 0.255080 0.819387 0.307180 0.821113 0.306899 0.836169
