12 0.153760 0.982610 0.154445 0.879489 0.188428 0.879890 0.187743 0.983011
6 0.452991 0.827474 0.452917 0.787848 0.466149 0.787804 0.466224 0.827430
7 0.107239 0.099305 0.108942 0.078323 0.148490 0.084029 0.146787 0.105011
6 0.307816 0.808069 0.314367 0.754127 0.328642 0.757209 0.322092 0.811151
2 0.152214 0.512591 0.151295 0.439858 0.167577 0.439492 0.168496 0.512225
12 0.058900 0.950329 0.060050 0.847563 0.096179 0.848282 0.095028 0.951048
5 0.477431 0.760362 0.477640 0.740920 0.483247 0.741027 0.483037 0.760469
7 0.261557 0.780343 0.259881 0.763006 0.285839 0.758546 0.287514 0.775883
5 0.490510 0.999937 0.490374 0.983478 0.495949 0.983396 0.496084 0.999856
5 0.472837 0.218943 0.472341 0.196980 0.479768 0.196682 0.480263 0.218645
5 0.587405 0.497300 0.588114 0.474490 0.595928 0.474922 0.595219 0.497732
7 0.194293 0.303294 0.195396 0.284820 0.228884 0.288373 0.227781 0.306847
8 0.551879 0.027624 0.556549 0.000000 0.571819 0.000739 0.567149 0.031717
5 0.473223 0.594536 0.473224 0.579074 0.477818 0.579075 0.477817 0.594537
0 0.536523 0.183294 0.535893 0.156485 0.544727 0.156115 0.545357 0.182925
