0 0.530233 0.864372 0.528882 0.830913 0.540600 0.830073 0.541951 0.863531
3 0.535389 0.293175 0.545728 0.155147 0.584403 0.160297 0.574063 0.298326
0 0.463209 0.153963 0.455942 0.116547 0.469082 0.112009 0.476350 0.149425
7 0.556105 0.479588 0.567746 0.456761 0.614208 0.498885 0.602566 0.521711
0 0.504052 0.558799 0.498686 0.519383 0.511834 0.516201 0.517200 0.555617
2 0.353962 0.904637 0.313463 0.838286 0.335101 0.814807 0.375599 0.881159
12 0.134669 0.837339 0.105021 0.785065 0.118977 0.770994 0.148625 0.823268
2 0.008992 0.158009 0.000000 0.132090 0.048137 0.071679 0.064115 0.097597
5 0.493416 0.178418 0.488868 0.143436 0.499292 0.141027 0.503840 0.176009
2 0.024549 0.403088 0.000000 0.327799 0.002535 0.307328 0.044976 0.382617
12 0.143090 0.991801 0.102842 0.919746 0.125660 0.897087 0.165908 0.969143
6 0.379490 0.271362 0.364315 0.236185 0.374156 0.228638 0.389331 0.263815
2 0.105524 0.216649 0.093270 0.197956 0.139398 0.144202 0.151652 0.162895
3 0.598588 0.360034 0.569081 0.321055 0.691516 0.156286 0.721023 0.195265
2 0.329625 0.949721 0.288112 0.872448 0.315687 0.846112 0.357200 0.923385
12 0.538320 0.897288 0.532752 0.867559 0.543971 0.863823 0.549540 0.893552
12 0.535134 0.732010 0.532503 0.689512 0.545075 0.688128 0.547705 0.730627
