8 0.575804 0.603720 0.582520 0.590704 0.607529 0.613641 0.600814 0.626658
12 0.129082 0.099239 0.138036 0.083467 0.179252 0.125066 0.170298 0.140838
7 0.257363 0.300780 0.264655 0.287109 0.289512 0.310678 0.282220 0.324349
7 0.729952 0.759207 0.737565 0.745661 0.763277 0.771349 0.755664 0.784895
12 0.321942 0.111149 0.329564 0.094853 0.362433 0.122184 0.354811 0.138480
7 0.521525 0.590843 0.529177 0.577500 0.554777 0.603601 0.547125 0.616944
7 0.471262 0.520849 0.477955 0.507944 0.503217 0.531234 0.496524 0.544140
7 0.016375 0.309022 0.005446 0.295710 0.024152 0.268408 0.035081 0.281720
7 0.044254 0.347755 0.063420 0.317697 0.075212 0.331064 0.056046 0.361123
5 0.637719 0.664194 0.627958 0.652153 0.632073 0.646223 0.641833 0.658264
5 0.486022 0.548924 0.488895 0.542887 0.499395 0.551770 0.496521 0.557808
5 0.522169 0.634361 0.525577 0.627254 0.537206 0.637166 0.533798 0.644274
5 0.457339 0.583094 0.461730 0.575856 0.473391 0.588433 0.468999 0.595672
5 0.739840 0.879645 0.733692 0.864267 0.738806 0.860633 0.744954 0.876011
5 0.316466 0.450634 0.319554 0.443728 0.331451 0.453185 0.328363 0.460091
0 0.894543 0.908997 0.900408 0.897770 0.920041 0.916003 0.914175 0.927230
5 0.438990 0.555213 0.441260 0.549461 0.452416 0.557287 0.450146 0.563039
1 0.374715 0.280499 0.379504 0.271492 0.394295 0.285474 0.389506 0.294480
5 0.240372 0.145295 0.243292 0.139220 0.253899 0.148281 0.250979 0.154357
5 0.528640 0.544713 0.531452 0.538978 0.542194 0.548343 0.539381 0.554078
8 0.049751 0.001046 0.056463 0.000000 0.073622 0.003381 0.066909 0.016570
7 0.099427 0.171102 0.104686 0.158229 0.127526 0.174818 0.122267 0.187691
1 0.127580 0.203911 0.131721 0.194069 0.147420 0.205812 0.143279 0.215653
5 0.194096 0.300016 0.197505 0.291941 0.210071 0.301373 0.206662 0.309448
5 0.322847 0.421153 0.326264 0.414259 0.338091 0.424681 0.334674 0.431574
5 0.412605 0.492598 0.401547 0.478314 0.406145 0.471985 0.417203 0.486270
7 0.733622 0.898908 0.722073 0.876261 0.729919 0.869147 0.741469 0.891794
7 0.829438 0.619482 0.836658 0.605204 0.863270 0.629130 0.856050 0.643407
5 0.754532 0.622733 0.743128 0.613240 0.745989 0.607128 0.757393 0.616621
13 0.194323 0.140542 0.200826 0.126819 0.228854 0.150430 0.222352 0.164153
7 0.727419 0.837743 0.733649 0.827576 0.750185 0.845591 0.743955 0.855758
5 0.946861 0.753023 0.950764 0.743595 0.966681 0.755310 0.962777 0.764738
5 0.963685 0.965192 0.967396 0.958596 0.981107 0.972308 0.977395 0.978904
1 0.139236 0.469331 0.151740 0.451764 0.158941 0.460877 0.146437 0.478444
1 0.562464 0.908107 0.571643 0.892747 0.578682 0.900227 0.569502 0.915586
1 0.695626 0.750940 0.701013 0.740119 0.717395 0.754615 0.712008 0.765437
