8 0.011518 0.581663 0.011561 0.563325 0.047694 0.563476 0.047651 0.581814
8 0.555011 0.417401 0.554823 0.399195 0.588739 0.398571 0.588927 0.416777
8 0.547301 0.144759 0.547613 0.083910 0.564157 0.084061 0.563845 0.144910
7 0.000042 0.469400 0.000000 0.450281 0.030329 0.450045 0.030413 0.469163
0 0.293538 0.503233 0.292534 0.492115 0.311150 0.489128 0.312153 0.500246
8 0.091714 0.585422 0.091750 0.567236 0.125344 0.567356 0.125307 0.585541
12 0.365327 0.595190 0.364664 0.548237 0.379464 0.547865 0.380128 0.594819
0 0.431287 0.278596 0.429030 0.253384 0.437984 0.251960 0.440240 0.277171
8 0.261464 0.592346 0.263096 0.544218 0.278640 0.545154 0.277008 0.593282
12 0.317888 0.718977 0.307309 0.673820 0.321696 0.667828 0.332274 0.712986
3 0.884282 0.754680 0.888910 0.436337 0.967801 0.438376 0.963174 0.756719
0 0.421143 0.460220 0.422536 0.436421 0.431461 0.437349 0.430068 0.461149
7 0.435607 0.083402 0.433893 0.035192 0.449289 0.034219 0.451003 0.082429
0 0.236619 0.454956 0.227212 0.416681 0.241767 0.410322 0.251173 0.448597
5 0.432525 0.492291 0.434105 0.468644 0.441433 0.469514 0.439853 0.493162
5 0.428632 0.807648 0.429028 0.785878 0.435951 0.786102 0.435555 0.807872
13 0.407949 0.808595 0.407945 0.780991 0.419525 0.780988 0.419529 0.808592
6 0.978493 0.373082 0.979051 0.357486 1.000000 0.358862 1.000000 0.374458
0 0.586172 0.870133 0.588564 0.845075 0.597161 0.846534 0.594770 0.871592
6 0.618980 0.461066 0.618724 0.409895 0.633103 0.409767 0.633360 0.460938
7 0.553648 0.491779 0.553124 0.474660 0.574477 0.473499 0.575001 0.490618
3 0.704035 0.152602 0.795410 0.013753 0.825652 0.049134 0.734278 0.187984
3 0.965265 0.776627 0.970492 0.532455 1.000000 0.533790 1.000000 0.777961
5 0.462959 0.032835 0.461542 0.015151 0.467509 0.014301 0.468927 0.031984
0 0.834475 0.504911 0.835690 0.484576 0.843129 0.485366 0.841914 0.505701
7 0.000000 0.582550 0.000000 0.563433 0.006491 0.563284 0.006724 0.582400
