8 0.653042 0.885540 0.649293 0.841552 0.663104 0.839460 0.666853 0.883448
8 0.535740 0.853400 0.532959 0.810548 0.545510 0.809100 0.548291 0.851952
3 0.909246 0.338327 0.959795 0.210767 0.998046 0.237715 0.947497 0.365274
7 0.685712 0.981592 0.681535 0.936054 0.696059 0.933686 0.700236 0.979223
7 0.641086 0.537468 0.638010 0.493387 0.651623 0.491699 0.654699 0.535779
7 0.780000 0.602009 0.780026 0.582629 0.816354 0.582713 0.816329 0.602093
7 0.627308 0.206191 0.625710 0.160190 0.639359 0.159347 0.640957 0.205348
7 0.541052 0.646860 0.536317 0.602954 0.549833 0.600362 0.554569 0.644268
13 0.779795 0.688489 0.781489 0.670947 0.815518 0.676789 0.813824 0.694331
1 0.719250 0.621512 0.717920 0.596880 0.728667 0.595849 0.729996 0.620481
1 0.668780 0.765328 0.665636 0.739714 0.676012 0.737450 0.679156 0.763064
7 0.572606 0.999321 0.568401 0.951340 0.581560 0.949290 0.585766 0.997271
5 0.567246 0.567823 0.566023 0.550255 0.571817 0.549538 0.573039 0.567106
1 0.546838 0.927850 0.546579 0.901485 0.556287 0.901316 0.556546 0.927681
5 0.617297 0.268712 0.617278 0.253174 0.622286 0.253163 0.622306 0.268701
5 0.616999 0.503177 0.616605 0.482459 0.623106 0.482240 0.623499 0.502958
5 0.607046 0.839128 0.606293 0.822416 0.611704 0.821983 0.612457 0.838695
0 0.462602 0.865605 0.460946 0.836783 0.470731 0.835784 0.472388 0.864605
5 0.542189 0.158626 0.541773 0.141784 0.547133 0.141548 0.547550 0.158390
1 0.600397 0.941517 0.598577 0.913867 0.608978 0.912650 0.610798 0.940299
5 0.587882 0.932374 0.586127 0.913028 0.592066 0.912070 0.593821 0.931417
3 0.703665 0.942097 0.696740 0.850722 0.715606 0.848181 0.722531 0.939555
12 0.502718 0.094684 0.497564 0.008325 0.514470 0.006531 0.519624 0.092890
5 0.788241 0.920841 0.787406 0.903287 0.793530 0.902770 0.794364 0.920324
1 0.000000 0.684944 0.000039 0.667204 0.005115 0.667834 0.003876 0.685574
1 0.724347 0.710832 0.720191 0.687524 0.730341 0.684306 0.734497 0.707615
6 0.625656 0.018046 0.624832 0.000000 0.633719 0.000000 0.634543 0.017326
12 0.437493 0.414093 0.433544 0.359485 0.449486 0.357435 0.453435 0.412043
