8 0.746532 0.389627 0.747228 0.370574 0.782635 0.372873 0.781939 0.391926
8 0.939549 0.393726 0.944217 0.346478 0.960451 0.349329 0.955783 0.396577
7 0.539731 0.506220 0.542615 0.488301 0.571467 0.496558 0.568582 0.514477
7 0.975431 0.392368 0.980577 0.341527 1.000000 0.345132 0.995464 0.395973
7 0.093141 0.240793 0.096310 0.221236 0.132901 0.231776 0.129732 0.251333
7 0.882164 0.378252 0.868353 0.332328 0.885544 0.323136 0.899356 0.369061
8 0.701816 0.377354 0.704095 0.358236 0.739330 0.365702 0.737051 0.384819
8 0.909613 0.412816 0.911333 0.393027 0.947678 0.398642 0.945959 0.418431
8 0.703538 0.340573 0.718462 0.298515 0.731357 0.306649 0.716434 0.348708
0 0.246383 0.147150 0.252094 0.124548 0.268721 0.132017 0.263010 0.154619
7 0.920395 0.384664 0.925166 0.332883 0.945230 0.336170 0.940459 0.387951
7 0.723960 0.600514 0.719994 0.584240 0.750519 0.571014 0.754485 0.587288
13 0.400372 0.333817 0.402974 0.315236 0.440253 0.324516 0.437651 0.343097
5 0.822783 0.418466 0.823652 0.407955 0.842321 0.410701 0.841452 0.421211
12 0.888674 0.954686 0.896127 0.932504 0.917576 0.945314 0.910123 0.967496
5 0.897891 0.447762 0.898365 0.436103 0.919818 0.437655 0.919343 0.449313
5 0.661359 0.708291 0.671839 0.695274 0.676141 0.701431 0.665661 0.714448
13 0.865484 0.409866 0.866053 0.388884 0.906391 0.390828 0.905822 0.411811
8 0.690097 0.340672 0.680237 0.326434 0.706257 0.294398 0.716117 0.308635
5 0.608391 0.494288 0.612565 0.485929 0.625463 0.497379 0.621289 0.505738
5 0.810702 0.385770 0.809413 0.377810 0.825236 0.373258 0.826524 0.381218
6 0.924810 0.292775 0.926413 0.271005 0.971023 0.276843 0.969420 0.298613
5 0.424490 0.132057 0.424937 0.116193 0.430849 0.116489 0.430402 0.132353
13 0.103940 0.481639 0.105227 0.467026 0.127050 0.470444 0.125762 0.485057
7 0.989383 0.684712 0.989433 0.661774 1.000000 0.661816 1.000000 0.684754
7 0.391204 0.176925 0.401174 0.137276 0.413874 0.142953 0.403904 0.182603
5 0.672605 0.626963 0.675852 0.603620 0.684165 0.605676 0.680919 0.629019
12 0.534718 0.714037 0.539016 0.672240 0.553302 0.674852 0.549005 0.716648
6 0.585472 0.334415 0.586588 0.318687 0.628069 0.323918 0.626954 0.339646
5 0.617899 0.841769 0.619998 0.816621 0.628976 0.817953 0.626877 0.843102
7 0.996312 0.398113 1.000000 0.366403 1.000000 0.367165 0.999861 0.398875
5 0.399592 0.383531 0.398344 0.363091 0.405616 0.362302 0.406864 0.382742
6 0.455769 0.116229 0.456081 0.084265 0.467668 0.084466 0.467357 0.116429
11 0.309975 0.507043 0.207732 0.338861 0.399921 0.131151 0.502164 0.299333
0 0.647081 0.726042 0.649137 0.703005 0.658648 0.704514 0.656593 0.727550
6 0.976416 0.307519 0.978349 0.284180 1.000000 0.287620 0.999776 0.310959
5 0.416059 0.469108 0.418336 0.460502 0.435113 0.468392 0.432836 0.476998
