6 0.552451 0.467931 0.550611 0.432078 0.562132 0.431027 0.563972 0.466881
6 0.568600 0.655941 0.565985 0.614987 0.579057 0.613503 0.581671 0.654458
8 0.471242 0.473151 0.471027 0.432527 0.483966 0.432405 0.484181 0.473029
7 0.568730 0.815890 0.569825 0.763393 0.585436 0.763971 0.584341 0.816468
7 0.585972 0.917046 0.578766 0.898049 0.613507 0.874620 0.620713 0.893618
6 0.961673 0.509861 0.955924 0.460496 0.973744 0.456806 0.979493 0.506171
1 0.551075 0.640703 0.550911 0.613577 0.561425 0.613464 0.561589 0.640590
5 0.629727 0.909134 0.630405 0.901008 0.646314 0.903366 0.645637 0.911492
1 0.444485 0.707026 0.445037 0.680777 0.455515 0.681169 0.454963 0.707417
5 0.536826 0.750512 0.538193 0.731971 0.544685 0.732822 0.543317 0.751363
5 0.480226 0.852817 0.479883 0.834897 0.486180 0.834683 0.486523 0.852603
6 0.449899 0.839308 0.450142 0.786965 0.464163 0.787081 0.463921 0.839424
5 0.489706 0.430503 0.490362 0.412893 0.495710 0.413247 0.495054 0.430857
0 0.718233 0.874629 0.721252 0.862852 0.739579 0.871204 0.736561 0.882981
5 0.556452 0.278627 0.556187 0.259001 0.561516 0.258873 0.561782 0.278499
11 0.839234 0.675722 0.838845 0.658531 0.878996 0.656917 0.879384 0.674107
5 0.493075 0.205065 0.491819 0.185911 0.497811 0.185213 0.499066 0.204367
12 0.503431 0.616709 0.497524 0.598741 0.529902 0.579819 0.535809 0.597787
3 0.723896 0.142904 0.770771 0.007214 0.830791 0.044075 0.783916 0.179765
6 0.570126 0.145508 0.568525 0.107503 0.580916 0.106576 0.582517 0.144580
5 0.616579 0.769524 0.611143 0.753153 0.617796 0.749226 0.623232 0.765597
2 0.377414 0.880109 0.380611 0.810100 0.398563 0.811558 0.395365 0.881567
5 0.463063 0.243779 0.461121 0.224486 0.467146 0.223408 0.469088 0.242701
1 0.473076 0.124531 0.472484 0.093725 0.483434 0.093351 0.484026 0.124157
6 0.567638 0.084749 0.567405 0.047164 0.580279 0.047022 0.580512 0.084607
5 0.450421 0.301207 0.450872 0.280122 0.457913 0.280390 0.457461 0.301475
0 0.706299 0.754513 0.705655 0.730027 0.716618 0.729515 0.717262 0.754000
5 0.449566 0.162453 0.447001 0.141122 0.453169 0.139804 0.455733 0.161135
5 0.677682 0.859528 0.667908 0.844966 0.672839 0.839083 0.682612 0.853645
5 0.580133 0.570623 0.576383 0.551238 0.583408 0.548822 0.587159 0.568207
5 0.455478 0.655995 0.455152 0.630999 0.463272 0.630811 0.463598 0.655807
6 0.497369 0.473531 0.498218 0.436742 0.510183 0.437233 0.509334 0.474021
5 0.612421 0.685590 0.601124 0.673294 0.605287 0.666494 0.616585 0.678789
7 0.492695 0.117281 0.490622 0.082843 0.503139 0.081504 0.505211 0.115942
7 0.274098 0.999896 0.274549 0.985282 0.291527 0.986215 0.291076 1.000000
5 0.496893 0.336599 0.496711 0.318035 0.503628 0.317915 0.503810 0.336479
8 0.477123 0.615958 0.476018 0.572125 0.489023 0.571542 0.490128 0.615375
7 0.037411 0.363997 0.037710 0.345967 0.064868 0.346767 0.064569 0.364797
7 0.576679 0.274458 0.576051 0.234233 0.588946 0.233875 0.589574 0.274101
6 0.574604 0.231351 0.574322 0.191553 0.587114 0.191392 0.587397 0.231190
6 0.558804 0.033283 0.558897 0.000000 0.570624 0.000000 0.570530 0.033341
0 0.495964 0.056420 0.495406 0.033580 0.502995 0.033251 0.503553 0.056090
5 0.558208 0.112814 0.567552 0.094021 0.572782 0.098644 0.563437 0.117437
0 0.612508 0.967658 0.609903 0.955605 0.627076 0.949008 0.629680 0.961061
13 0.465871 0.385921 0.465041 0.341274 0.478920 0.340815 0.479750 0.385463
5 0.460505 0.223671 0.454815 0.203989 0.460328 0.201155 0.466018 0.220838
6 0.728968 0.280318 0.728473 0.260081 0.763220 0.258571 0.763715 0.278807
6 0.572547 0.009118 0.572433 0.000000 0.584484 0.000000 0.584598 0.008866
11 0.500096 1.000000 0.426528 0.943802 0.549384 0.765887 0.622951 0.856198
0 0.417514 0.152976 0.418261 0.121503 0.426496 0.121850 0.425750 0.153323
5 0.458780 0.259187 0.454235 0.239720 0.459970 0.237340 0.464515 0.256808
6 0.291667 1.000000 0.292123 0.986258 0.309375 0.987258 0.308919 1.000000
5 0.449536 0.360658 0.447684 0.340890 0.454891 0.339689 0.456743 0.359458
0 0.467106 0.228637 0.469491 0.203118 0.478988 0.204696 0.476603 0.230215
3 0.848006 0.886005 0.847599 0.859839 0.998869 0.855662 0.999276 0.881828
0 0.610786 0.720716 0.605596 0.702255 0.612652 0.698728 0.617842 0.717189
5 0.450807 0.257829 0.445391 0.242089 0.450365 0.239046 0.455781 0.254786
