8 0.705252 0.378600 0.704975 0.355968 0.745790 0.355081 0.746067 0.377712
7 0.377141 0.823209 0.355104 0.764724 0.372338 0.753180 0.394376 0.811664
7 0.689939 0.690748 0.673303 0.637548 0.689227 0.628696 0.705863 0.681896
7 0.817600 0.858410 0.809453 0.836279 0.848025 0.811035 0.856172 0.833165
7 0.390793 0.803276 0.373004 0.751315 0.389676 0.741168 0.407465 0.793129
7 0.358494 0.834590 0.338284 0.779451 0.355568 0.768188 0.375779 0.823327
11 0.042422 0.941628 0.023534 0.896734 0.214088 0.754205 0.232977 0.799100
7 0.446693 0.770061 0.424867 0.714162 0.440156 0.703550 0.461982 0.759449
0 0.659202 0.435971 0.653486 0.424063 0.672569 0.407779 0.678285 0.419687
0 0.336090 0.069144 0.323413 0.041502 0.333702 0.033113 0.346379 0.060755
7 0.341210 0.845291 0.323487 0.794054 0.340040 0.783875 0.357763 0.835112
6 0.774498 0.485285 0.777508 0.463847 0.825502 0.475827 0.822492 0.497264
7 0.324533 0.856234 0.306323 0.803623 0.322342 0.793766 0.340552 0.846377
0 0.339486 0.105939 0.329868 0.081201 0.338639 0.075138 0.348257 0.099876
5 0.438424 0.090098 0.426896 0.061600 0.435534 0.055388 0.447062 0.083886
5 0.441875 0.206003 0.445614 0.198516 0.459297 0.210663 0.455558 0.218151
7 0.600110 0.401426 0.603971 0.386422 0.627495 0.397185 0.623633 0.412189
5 0.824292 0.936512 0.817080 0.916238 0.823624 0.912099 0.830836 0.932374
6 0.255036 0.908612 0.236234 0.856710 0.253558 0.845554 0.272359 0.897456
7 0.805962 0.836856 0.797925 0.815476 0.836747 0.789533 0.844783 0.810913
5 0.650608 0.590017 0.639961 0.566622 0.647308 0.560678 0.657955 0.584073
5 0.469763 0.241136 0.474109 0.233465 0.486226 0.245670 0.481880 0.253341
5 0.867124 0.467434 0.868277 0.458241 0.887043 0.462427 0.885889 0.471620
5 0.384564 0.166754 0.374242 0.145728 0.381582 0.139322 0.391904 0.160348
0 0.476026 0.400922 0.466273 0.381370 0.473714 0.374773 0.483466 0.394324
6 0.573360 0.681577 0.555271 0.633367 0.568307 0.624673 0.586395 0.672883
5 0.667996 0.500977 0.668357 0.493092 0.681484 0.494162 0.681122 0.502047
12 0.716024 0.641005 0.693461 0.591536 0.705330 0.581911 0.727893 0.631381
5 0.453713 0.068847 0.446343 0.041732 0.455662 0.037229 0.463032 0.064345
5 0.325343 0.093257 0.315809 0.076916 0.321532 0.070979 0.331066 0.087320
1 0.379533 0.227105 0.371493 0.196690 0.382967 0.191298 0.391007 0.221712
0 0.793248 0.458722 0.795610 0.445340 0.820294 0.453083 0.817932 0.466466
5 0.384013 0.109233 0.374331 0.087116 0.382133 0.081045 0.391814 0.103161
0 0.618332 0.518006 0.608749 0.495965 0.616043 0.490327 0.625626 0.512368
0 0.833592 0.480342 0.835918 0.467339 0.860679 0.475213 0.858353 0.488217
5 0.436826 0.297930 0.428446 0.275566 0.435049 0.271167 0.443429 0.293531
5 0.628574 0.342284 0.627774 0.330875 0.646426 0.328549 0.647226 0.339958
0 0.624764 0.364993 0.625151 0.349279 0.648153 0.350285 0.647766 0.365999
1 0.436986 0.401991 0.424296 0.378849 0.433847 0.369537 0.446538 0.392679
11 0.902495 0.208562 0.891553 0.182907 0.999588 0.100987 1.000000 0.126642
0 0.729121 0.755209 0.719430 0.729910 0.728171 0.723958 0.737861 0.749257
5 0.355710 0.207083 0.357059 0.199810 0.371959 0.204723 0.370610 0.211996
2 0.011972 0.270237 0.000000 0.193003 0.000072 0.180110 0.030426 0.257345
7 0.290194 0.883450 0.272032 0.832103 0.287931 0.822106 0.306093 0.873453
5 0.823473 0.966167 0.811036 0.945750 0.818194 0.938000 0.830630 0.958416
6 0.238649 0.920273 0.220899 0.867336 0.237393 0.857505 0.255142 0.910442
12 0.968914 0.213469 0.954312 0.178159 0.999836 0.144691 1.000000 0.180000
5 0.692937 0.480900 0.689689 0.468528 0.712272 0.457989 0.715519 0.470361
5 0.525703 0.621278 0.520827 0.600984 0.527422 0.598166 0.532298 0.618461
5 0.913102 0.543545 0.914702 0.534896 0.931690 0.540483 0.930090 0.549132
7 0.410450 0.794807 0.389574 0.741625 0.405956 0.730193 0.426832 0.783375
11 0.728255 0.910024 0.678076 0.790894 0.694141 0.778865 0.744320 0.897995
2 0.134830 0.227576 0.159010 0.174033 0.326108 0.308188 0.301928 0.361731
