7 0.912228 0.507232 0.915040 0.485989 0.958605 0.496240 0.955793 0.517483
0 0.565568 0.454501 0.555453 0.429081 0.564640 0.422582 0.574755 0.448002
5 0.621504 0.455851 0.623771 0.445002 0.642037 0.451787 0.639770 0.462637
5 0.647903 0.526859 0.653399 0.517246 0.668764 0.532863 0.663267 0.542476
5 0.578402 0.445697 0.571312 0.426259 0.577328 0.422358 0.584417 0.441796
5 0.673851 0.576836 0.675633 0.568340 0.692295 0.574553 0.690513 0.583049
5 0.688917 0.464094 0.690777 0.455673 0.705875 0.461601 0.704015 0.470022
5 0.785579 0.460295 0.786356 0.453056 0.801921 0.456024 0.801144 0.463264
5 0.578830 0.147659 0.576077 0.127615 0.582889 0.125952 0.585642 0.145996
0 0.591662 0.195955 0.582163 0.167625 0.592713 0.161336 0.602212 0.189667
12 0.890092 0.347923 0.904468 0.214396 0.945325 0.222216 0.930949 0.355743
0 0.974790 0.696647 0.977555 0.683200 1.000000 0.692242 0.999528 0.705689
8 0.982243 0.619826 0.985455 0.597225 1.000000 0.601701 0.999962 0.624303
0 0.710237 0.597845 0.714700 0.584722 0.736638 0.597988 0.732175 0.611111
5 0.572705 0.226121 0.567271 0.206646 0.573128 0.203740 0.578563 0.223215
5 0.673418 0.494257 0.675798 0.483315 0.694290 0.490465 0.691911 0.501407
0 0.778039 0.731080 0.784634 0.708933 0.799565 0.716837 0.792970 0.738983
0 0.806510 0.690253 0.809470 0.677322 0.829427 0.685441 0.826468 0.698372
