12 0.729652 1.000000 0.712873 0.988258 0.750557 0.935057 0.767336 0.956186
11 0.823664 0.920053 0.841574 0.888539 0.947170 0.995225 0.929260 1.000000
5 0.487330 0.549574 0.483723 0.541986 0.497566 0.530287 0.501173 0.537875
5 0.766351 0.227770 0.760834 0.218872 0.774794 0.203480 0.780312 0.212378
0 0.225318 0.810316 0.221382 0.798092 0.245776 0.784129 0.249711 0.796353
6 0.320865 0.755793 0.312922 0.738435 0.344239 0.712957 0.352182 0.730315
5 0.251320 0.812079 0.248964 0.803430 0.266649 0.794866 0.269005 0.803514
7 0.056672 0.868231 0.052650 0.846308 0.097235 0.831769 0.101256 0.853692
5 0.722293 0.261351 0.733738 0.247009 0.738124 0.253232 0.726679 0.267574
7 0.399021 0.808347 0.388101 0.792108 0.418687 0.755542 0.429607 0.771780
5 0.416366 0.584933 0.412258 0.578025 0.425171 0.564373 0.429279 0.571281
0 0.437937 0.612230 0.430816 0.601857 0.447480 0.581520 0.454601 0.591893
8 0.612804 0.514262 0.605621 0.503107 0.622613 0.483655 0.629796 0.494810
5 0.976878 0.083119 0.971353 0.074895 0.985622 0.057853 0.991147 0.066077
0 0.031549 0.922551 0.026278 0.902249 0.058946 0.887171 0.064217 0.907473
5 0.408500 0.607953 0.420978 0.591630 0.426395 0.598992 0.413918 0.615315
5 0.827471 0.160626 0.839458 0.147812 0.843363 0.154305 0.831375 0.167119
5 0.175029 0.922993 0.172892 0.914863 0.188512 0.907562 0.190650 0.915692
5 0.960212 0.129040 0.954825 0.121045 0.968955 0.104120 0.974342 0.112115
5 0.565813 0.472619 0.576700 0.461167 0.580541 0.467658 0.569654 0.479111
8 0.924208 0.198171 0.914763 0.182790 0.946626 0.148009 0.956070 0.163391
7 0.076314 0.992262 0.055761 0.946396 0.072905 0.932738 0.093458 0.978604
0 0.639307 0.186196 0.628058 0.162302 0.637776 0.154168 0.649025 0.178063
12 0.231330 0.180941 0.183789 0.107913 0.213461 0.073573 0.261002 0.146601
8 0.449552 0.713839 0.439161 0.697846 0.469719 0.662550 0.480110 0.678543
7 0.000000 0.934883 0.000000 0.910338 0.024516 0.897062 0.030433 0.921606
5 0.061390 0.988871 0.053581 0.968823 0.060680 0.963907 0.068489 0.983955
5 0.162201 0.866901 0.160259 0.858650 0.178163 0.851155 0.180106 0.859406
6 0.617999 0.203982 0.610674 0.189236 0.628356 0.173622 0.635680 0.188368
0 0.533604 0.501253 0.527504 0.489887 0.546604 0.471664 0.552704 0.483030
5 0.083827 0.875384 0.098004 0.853171 0.105887 0.862116 0.091710 0.884329
7 0.786368 0.207499 0.778579 0.196176 0.795924 0.174966 0.803713 0.186289
12 0.738663 0.291774 0.729464 0.276940 0.760295 0.242948 0.769495 0.257782
7 0.148489 0.970979 0.142530 0.956230 0.166875 0.938743 0.172834 0.953492
1 0.706379 0.389208 0.699336 0.378828 0.716017 0.358708 0.723060 0.369089
12 0.126941 0.049877 0.113042 0.030217 0.139335 0.000000 0.153234 0.016832
0 0.639662 0.360267 0.630560 0.346665 0.655650 0.316816 0.664753 0.330418
12 0.773467 0.375844 0.764589 0.362180 0.790596 0.332142 0.799473 0.345806
5 0.483077 0.714896 0.493766 0.696757 0.499215 0.702466 0.488525 0.720604
6 0.852873 0.212866 0.844712 0.198622 0.861190 0.181838 0.869351 0.196083
5 0.186727 0.946447 0.183355 0.939800 0.195825 0.928553 0.199197 0.935200
12 0.938795 0.759697 0.995918 0.637169 1.000000 0.679192 0.989499 0.801720
7 0.660236 0.514559 0.653058 0.504256 0.670493 0.482663 0.677671 0.492967
5 0.586818 0.452021 0.581821 0.442993 0.596515 0.428535 0.601512 0.437563
5 0.511852 0.687236 0.508020 0.680707 0.521221 0.666931 0.525053 0.673459
3 0.788746 0.650054 0.712922 0.522168 0.791983 0.438835 0.867807 0.566720
3 0.019678 0.287425 0.004801 0.267090 0.047119 0.212054 0.061995 0.232389
12 0.900523 0.817290 0.916787 0.765671 1.000000 0.812571 0.984255 0.864191
5 0.433199 0.773965 0.443362 0.759659 0.447530 0.764924 0.437367 0.779230
