13 0.764587 0.668635 0.767247 0.649936 0.803642 0.659143 0.800982 0.677842
0 0.574844 0.456993 0.575455 0.434959 0.583750 0.435368 0.583139 0.457402
0 0.661157 0.923737 0.659363 0.899702 0.668530 0.898485 0.670324 0.922520
7 0.813266 0.874208 0.816895 0.855745 0.842464 0.864681 0.838834 0.883144
5 0.585235 0.374726 0.585383 0.357138 0.590806 0.357219 0.590659 0.374807
0 0.584503 0.228755 0.588515 0.206471 0.597789 0.209440 0.593777 0.231723
12 0.404446 0.647425 0.396357 0.613736 0.412742 0.606742 0.420830 0.640431
8 0.619323 0.033591 0.609232 0.000689 0.623385 0.000000 0.633477 0.025874
7 0.551182 0.916632 0.552350 0.871650 0.565485 0.872257 0.564317 0.917238
5 0.461928 0.169118 0.462560 0.144610 0.469843 0.144944 0.469211 0.169452
13 0.639732 0.031014 0.638600 0.007908 0.674851 0.004750 0.675983 0.027856
2 0.429228 0.809276 0.429956 0.780907 0.492907 0.783780 0.492179 0.812148
5 0.568861 0.184965 0.569206 0.159122 0.576972 0.159306 0.576628 0.185149
5 0.638013 0.949495 0.627581 0.937611 0.631779 0.931061 0.642210 0.942944
6 0.479897 0.040412 0.480154 0.000000 0.494842 0.000000 0.494586 0.040576
0 0.396444 0.334576 0.394678 0.317660 0.404858 0.315771 0.406624 0.332687
0 0.681350 0.114536 0.681639 0.077146 0.693129 0.077304 0.692840 0.114694
1 0.595682 0.285555 0.598588 0.267166 0.607443 0.269653 0.604537 0.288043
13 0.526151 0.506642 0.526446 0.470967 0.537911 0.471136 0.537617 0.506810
11 0.464224 0.991214 0.439964 0.957529 0.568068 0.793509 0.592328 0.827194
6 0.413846 0.905200 0.402192 0.872459 0.412977 0.865634 0.424631 0.898375
