6 0.547808 0.404008 0.548631 0.359490 0.560525 0.359881 0.559703 0.404399
5 0.558328 0.481059 0.558831 0.460953 0.566672 0.461302 0.566169 0.481408
2 0.241750 0.969926 0.239852 0.925380 0.251219 0.924519 0.253117 0.969065
5 0.561122 0.426730 0.562089 0.405306 0.569607 0.405909 0.568640 0.427333
1 0.573085 0.563465 0.572318 0.540528 0.581082 0.540007 0.581849 0.562944
0 0.737803 0.282431 0.743045 0.240936 0.759593 0.244653 0.754351 0.286147
12 0.776942 1.000000 0.775722 0.976879 0.804308 0.974410 0.805528 0.999509
12 0.603296 0.552033 0.601942 0.490862 0.633162 0.489633 0.634516 0.550805
12 0.527236 0.635012 0.528222 0.581121 0.544639 0.581655 0.543653 0.635545
6 0.229632 0.958139 0.228303 0.927374 0.238597 0.926583 0.239926 0.957348
