8 0.255474 0.340643 0.255211 0.324458 0.285151 0.323593 0.285414 0.339778
0 0.589507 0.614314 0.588030 0.590851 0.596951 0.589852 0.598428 0.613316
7 0.904205 0.334735 0.901669 0.318215 0.935378 0.309015 0.937914 0.325535
0 0.577238 0.628151 0.577018 0.605323 0.585262 0.605182 0.585482 0.628010
5 0.588077 0.574926 0.584219 0.554659 0.591610 0.552158 0.595468 0.572425
8 0.577964 0.778617 0.577651 0.736822 0.589744 0.736661 0.590057 0.778456
5 0.580665 0.052027 0.579935 0.031912 0.587304 0.031436 0.588034 0.051552
5 0.570262 0.578103 0.569634 0.559807 0.576353 0.559397 0.576981 0.577693
0 0.889661 0.313525 0.886612 0.297810 0.912422 0.288906 0.915472 0.304621
8 0.985524 0.305654 0.982895 0.287190 0.999893 0.282888 1.000000 0.301351
8 0.143228 0.578278 0.142298 0.561810 0.175002 0.558528 0.175931 0.574996
0 0.577833 0.723970 0.577603 0.699796 0.586750 0.699642 0.586980 0.723815
3 0.354919 0.126525 0.353092 0.000000 0.374768 0.000000 0.376595 0.125969
2 0.519440 0.126563 0.516699 0.004916 0.531081 0.004340 0.533821 0.125987
