8 0.717022 0.736741 0.723890 0.722751 0.751208 0.746593 0.744339 0.760583
7 0.738678 0.614466 0.744773 0.600589 0.771739 0.621645 0.765644 0.635522
13 0.184925 0.367330 0.196412 0.329562 0.209866 0.336837 0.198380 0.374605
7 0.684024 0.415406 0.703192 0.378252 0.713893 0.388066 0.694725 0.425220
7 0.814432 0.842762 0.820516 0.827980 0.849110 0.848905 0.843025 0.863687
7 0.497264 0.568572 0.506111 0.553858 0.531903 0.581428 0.523055 0.596142
7 0.634086 0.679288 0.640742 0.665027 0.668518 0.688073 0.661862 0.702334
7 0.763459 0.796682 0.770831 0.782583 0.800604 0.810263 0.793231 0.824361
7 0.023137 0.592806 0.030158 0.577941 0.055899 0.599555 0.048878 0.614420
7 0.016200 0.612021 0.023964 0.596440 0.048122 0.617840 0.040358 0.633421
5 0.685589 0.619485 0.685070 0.611921 0.697745 0.610376 0.698263 0.617940
13 0.243227 0.166228 0.251036 0.152105 0.277866 0.178477 0.270058 0.192600
5 0.774150 0.858427 0.778418 0.850612 0.791996 0.863795 0.787728 0.871611
5 0.643014 0.529269 0.646459 0.522789 0.657507 0.533231 0.654061 0.539711
7 0.537108 0.449013 0.544210 0.436299 0.569142 0.461057 0.562040 0.473771
5 0.813269 0.795423 0.816185 0.789064 0.828398 0.799021 0.825481 0.805381
5 0.957743 0.795722 0.960912 0.788666 0.973507 0.798722 0.970338 0.805779
7 0.006534 0.627986 0.013923 0.611551 0.042652 0.634514 0.035263 0.650949
5 0.136575 0.224507 0.140110 0.216909 0.153008 0.227576 0.149473 0.235174
5 0.291287 0.423938 0.295611 0.416601 0.306630 0.428145 0.302306 0.435483
5 0.671424 0.740105 0.675434 0.732358 0.689513 0.745311 0.685504 0.753059
5 0.577847 0.661914 0.581828 0.654009 0.595070 0.665864 0.591089 0.673769
5 0.841524 0.813473 0.844542 0.807536 0.855872 0.817777 0.852854 0.823714
7 0.610526 0.728303 0.614428 0.717537 0.631662 0.728642 0.627759 0.739408
5 0.736213 0.334851 0.744666 0.321248 0.749203 0.326260 0.740751 0.339863
5 0.801621 0.287423 0.810957 0.272925 0.815566 0.278202 0.806230 0.292700
8 0.058875 0.527153 0.065403 0.512206 0.090734 0.531875 0.084206 0.546821
7 0.826554 0.249681 0.851161 0.209566 0.861467 0.220805 0.836860 0.260920
7 0.029850 0.576883 0.038204 0.559291 0.067742 0.584228 0.059387 0.601820
5 0.612810 0.695638 0.603070 0.683599 0.606982 0.677973 0.616722 0.690012
8 0.000000 0.678676 0.000000 0.662612 0.019551 0.677574 0.012784 0.693638
5 0.730160 0.295202 0.739345 0.285066 0.742756 0.290562 0.733572 0.300698
5 0.081922 0.494942 0.083192 0.487716 0.096464 0.491863 0.095193 0.499090
5 0.396291 0.242943 0.386205 0.231791 0.389712 0.226154 0.399797 0.237306
5 0.120651 0.449287 0.129397 0.435475 0.134297 0.440991 0.125551 0.454803
5 0.836023 0.143842 0.847060 0.126787 0.852519 0.133068 0.841482 0.150122
13 0.540546 0.582188 0.543815 0.540379 0.556329 0.542118 0.553060 0.583927
5 0.734650 0.546495 0.732245 0.530073 0.738267 0.528505 0.740672 0.544927
5 0.805494 0.860471 0.809911 0.851892 0.825235 0.865918 0.820818 0.874497
7 0.275443 0.468221 0.281499 0.453940 0.307370 0.473446 0.301313 0.487727
5 0.484034 0.453074 0.488021 0.445697 0.500862 0.458037 0.496875 0.465414
5 0.780281 0.359792 0.787819 0.345543 0.792115 0.349583 0.784577 0.363832
5 0.139644 0.413067 0.137014 0.406354 0.149939 0.397350 0.152570 0.404063
8 0.760418 0.272194 0.781354 0.237721 0.791144 0.248292 0.770208 0.282765
5 0.604258 0.514321 0.609729 0.494772 0.616576 0.498179 0.611104 0.517728
5 0.622180 0.373585 0.614831 0.361178 0.619487 0.356276 0.626836 0.368683
5 0.846317 0.652732 0.849469 0.644388 0.864100 0.654213 0.860948 0.662557
7 0.902368 0.999078 0.906648 0.986297 0.928882 0.999533 0.924602 1.000000
5 0.118726 0.266046 0.119943 0.259478 0.132055 0.263468 0.130838 0.270036
5 0.886128 0.069201 0.898262 0.052484 0.903455 0.059185 0.891321 0.075902
5 0.709986 0.695075 0.714737 0.687353 0.726993 0.700758 0.722242 0.708481
5 0.107947 0.051130 0.096698 0.037722 0.100777 0.031639 0.112025 0.045047
1 0.163834 0.282277 0.169012 0.272355 0.184603 0.286820 0.179425 0.296742
5 0.096635 0.516548 0.085958 0.507737 0.089172 0.500813 0.099849 0.509624
5 0.542329 0.376079 0.545983 0.368666 0.558713 0.379824 0.555059 0.387236
5 0.342459 0.137546 0.343245 0.121021 0.348687 0.121482 0.347901 0.138006
5 0.949143 0.044519 0.964071 0.021767 0.971691 0.030655 0.956762 0.053407
12 0.179579 0.653521 0.210419 0.602487 0.263650 0.659673 0.232810 0.710707
9 0.269788 0.998323 0.303466 0.936848 0.334379 0.966954 0.300701 1.000000
1 0.637457 0.500201 0.642108 0.490798 0.656293 0.503271 0.651642 0.512674
11 0.355664 0.844649 0.375917 0.806440 0.482357 0.906740 0.462104 0.944949
11 0.511664 0.253407 0.519816 0.237389 0.558388 0.272287 0.550236 0.288305
5 0.281753 0.165663 0.284597 0.159321 0.296372 0.168712 0.293528 0.175054
7 0.725705 0.376810 0.742714 0.340954 0.752941 0.349579 0.735932 0.385435
