2 0.830759 0.526157 0.857562 0.473932 0.874970 0.489815 0.848168 0.542040
0 0.511519 0.380244 0.524708 0.352798 0.535616 0.362118 0.522428 0.389563
0 0.526716 0.286170 0.540623 0.256046 0.553492 0.266608 0.539586 0.296732
2 0.806940 0.526188 0.829670 0.477058 0.845143 0.489784 0.822413 0.538914
2 0.753881 0.524050 0.769954 0.484866 0.781535 0.493311 0.765462 0.532495
0 0.109851 0.433162 0.110039 0.399374 0.120488 0.399477 0.120300 0.433265
12 0.979806 0.810009 1.000000 0.762754 1.000000 0.778880 0.999825 0.826134
2 0.769404 0.525044 0.786725 0.483060 0.799346 0.492317 0.782025 0.534301
0 0.089649 0.391835 0.091015 0.377235 0.112044 0.380734 0.110677 0.395334
5 0.314098 0.914039 0.320918 0.899378 0.326527 0.904016 0.319707 0.918678
5 0.000000 0.650846 0.000252 0.643069 0.018407 0.644987 0.017945 0.652765
2 0.786341 0.525814 0.805716 0.480389 0.820430 0.491547 0.801055 0.536972
10 0.904924 0.055997 0.918419 0.028480 0.956534 0.061711 0.943039 0.089228
13 0.725964 0.281793 0.731114 0.268218 0.756327 0.285221 0.751178 0.298796
3 0.379465 0.843769 0.424791 0.733656 0.440457 0.745120 0.395131 0.855233
12 0.588884 0.265936 0.597575 0.230157 0.609033 0.235106 0.600342 0.270884
2 0.740702 0.523012 0.755163 0.486369 0.765548 0.493655 0.751087 0.530298
0 0.516134 0.415200 0.530681 0.381744 0.542720 0.391050 0.528173 0.424506
12 0.869364 0.101298 0.878387 0.080404 0.919178 0.111723 0.910154 0.132616
10 0.971954 0.933463 1.000000 0.868502 1.000000 0.891537 0.998946 0.956498
11 0.699325 0.230768 0.818332 0.001292 0.844946 0.025829 0.725939 0.255305
11 0.352751 0.625725 0.489275 0.318686 0.513916 0.338164 0.377391 0.645203
13 0.749265 0.253260 0.754770 0.238080 0.783548 0.256636 0.778042 0.271816
11 0.365347 0.810823 0.397441 0.737753 0.416163 0.752371 0.384069 0.825442
13 0.762942 0.236743 0.768825 0.220360 0.799037 0.239646 0.793154 0.256029
3 0.539189 0.124688 0.595127 0.000000 0.614197 0.001527 0.558258 0.138530
12 0.519981 0.319961 0.527498 0.290798 0.538873 0.296011 0.531356 0.325174
11 0.941522 0.684767 0.950661 0.658698 1.000000 0.689538 0.991006 0.715607
2 0.700520 0.552169 0.729706 0.480647 0.750522 0.495748 0.721336 0.567270
12 0.929805 0.893014 0.958127 0.826461 0.976445 0.840320 0.948123 0.906872
10 0.838835 0.136883 0.846658 0.118748 0.881478 0.145452 0.873655 0.163587
11 0.000389 0.556623 0.000000 0.541642 0.040204 0.539211 0.040712 0.554191
12 0.816858 0.816041 0.827148 0.792214 0.839913 0.802014 0.829623 0.825842
11 0.692910 0.787031 0.737495 0.721765 0.966986 1.000000 0.922401 1.000000
7 0.736650 0.268602 0.741778 0.254516 0.768558 0.271849 0.763430 0.285935
0 0.455343 0.541658 0.471133 0.510468 0.481116 0.519453 0.465326 0.550643
0 0.981315 0.429491 0.989686 0.407948 0.996810 0.412870 0.988439 0.434413
6 0.357552 0.999237 0.374104 0.954275 0.383594 0.960485 0.367042 1.000000
6 0.014138 0.371994 0.016609 0.354418 0.045692 0.361687 0.043222 0.379263
12 0.321796 0.824851 0.336964 0.794152 0.346954 0.802927 0.331786 0.833626
2 0.860282 0.528646 0.889750 0.468876 0.911593 0.488021 0.882125 0.547791
0 0.077115 0.463513 0.077584 0.436784 0.090333 0.437182 0.089864 0.463910
