5 0.479482 0.725423 0.479243 0.708054 0.485102 0.707911 0.485340 0.725280
0 0.493379 0.897021 0.487849 0.870330 0.497246 0.866868 0.502776 0.893559
0 0.508069 0.869155 0.501981 0.848795 0.514847 0.841956 0.520935 0.862316
5 0.478070 0.699235 0.476924 0.677152 0.484430 0.676460 0.485576 0.698542
0 0.409022 0.046469 0.407373 0.020128 0.418062 0.018939 0.419710 0.045280
13 0.421143 0.258338 0.420239 0.226286 0.432112 0.225690 0.433016 0.257742
11 0.260627 0.155456 0.207989 0.012560 0.226353 0.000534 0.278990 0.143430
0 0.453044 0.632947 0.451915 0.610841 0.459977 0.610109 0.461106 0.632215
12 0.675387 0.944156 0.711243 0.869218 0.754301 0.905844 0.718445 0.980782
0 0.428213 0.099527 0.426718 0.070950 0.436891 0.070004 0.438386 0.098581
4 0.105108 0.417676 0.146191 0.364558 0.197496 0.435102 0.156413 0.488219
0 0.412788 0.763157 0.405926 0.751058 0.420024 0.736843 0.426887 0.748942
2 0.720152 0.381730 0.761349 0.298791 0.776723 0.312367 0.735526 0.395306
5 0.424599 0.061953 0.423267 0.044181 0.429567 0.043342 0.430899 0.061114
11 0.286250 0.873167 0.272450 0.847320 0.425729 0.701833 0.439529 0.727680
12 0.708011 0.132938 0.731136 0.079573 0.755010 0.097965 0.731885 0.151330
