1 0.826214 0.442573 0.824962 0.452514 0.806599 0.448399 0.807852 0.438458
12 0.889671 0.425554 0.888799 0.444018 0.861086 0.441692 0.861958 0.423227
14 0.165506 0.226204 0.173010 0.218874 0.183123 0.237280 0.175619 0.244610
1 0.188261 0.246606 0.195765 0.239276 0.205878 0.257682 0.198375 0.265012
1 0.374181 0.390210 0.373795 0.401318 0.354826 0.400146 0.355212 0.389037
1 0.395178 0.408080 0.394792 0.419189 0.375824 0.418017 0.376210 0.406908
1 0.523484 0.437308 0.523936 0.426204 0.542897 0.427576 0.542445 0.438680
1 0.615902 0.441401 0.616380 0.429652 0.635617 0.431044 0.635139 0.442793
1 0.641717 0.417949 0.641270 0.430801 0.621394 0.429572 0.621841 0.416721
14 0.541359 0.398339 0.540756 0.410542 0.528148 0.409433 0.528752 0.397231
14 0.456008 0.401180 0.456442 0.388797 0.469765 0.389628 0.469331 0.402011
12 0.502631 0.943027 0.489169 0.948968 0.479162 0.908652 0.492624 0.902711
14 0.503663 0.979823 0.512796 0.975544 0.517749 0.994337 0.508615 0.998616
