15 0.529202 0.982455 0.542811 0.982654 0.542673 0.999255 0.528956 0.999053
12 0.503104 0.197659 0.514333 0.196395 0.516346 0.228177 0.505117 0.229441
14 0.521369 0.476129 0.532455 0.474328 0.535138 0.503687 0.524052 0.505488
18 0.510501 0.230317 0.518425 0.230091 0.518718 0.248365 0.510794 0.248591
1 0.535349 0.376661 0.543369 0.376085 0.544133 0.394979 0.536112 0.395556
1 0.517420 0.302093 0.525441 0.301517 0.526204 0.320411 0.518184 0.320988
1 0.532806 0.337848 0.525174 0.337514 0.525860 0.309640 0.533492 0.309975
1 0.549648 0.574289 0.542015 0.574584 0.541410 0.546707 0.549043 0.546413
1 0.552972 0.654855 0.545338 0.655149 0.544733 0.627273 0.552366 0.626978
1 0.534326 0.673932 0.541546 0.673869 0.541669 0.698788 0.534449 0.698852
1 0.538114 0.791679 0.545569 0.791614 0.545696 0.817294 0.538241 0.817359
1 0.539554 0.859287 0.547702 0.858802 0.548569 0.884645 0.540421 0.885131
1 0.676874 0.224724 0.684860 0.225875 0.683334 0.244687 0.675348 0.243536
1 0.693043 0.282439 0.684736 0.280571 0.687752 0.256719 0.696060 0.258586
