1 0.515148 0.738696 0.516598 0.712378 0.525477 0.713249 0.524027 0.739566
12 0.503215 0.448124 0.488545 0.399580 0.501909 0.392401 0.516579 0.440944
0 0.407617 0.350495 0.399926 0.336325 0.412175 0.324505 0.419866 0.338675
5 0.199111 0.583052 0.195593 0.574673 0.213389 0.561392 0.216907 0.569772
5 0.499484 0.492783 0.495567 0.472783 0.500763 0.470974 0.504679 0.490975
1 0.513410 0.662160 0.510440 0.638135 0.518101 0.636452 0.521070 0.660476
5 0.446831 0.221695 0.443884 0.196127 0.452909 0.194278 0.455856 0.219846
5 0.035163 0.700849 0.035150 0.690855 0.051882 0.690818 0.051894 0.700811
1 0.482931 0.433904 0.478361 0.409630 0.485686 0.407178 0.490256 0.431452
1 0.480007 0.622955 0.491789 0.604351 0.497721 0.611031 0.485939 0.629633
1 0.538859 0.791505 0.536688 0.767329 0.544397 0.766099 0.546567 0.790274
1 0.563759 0.827566 0.561838 0.803352 0.569559 0.802264 0.571479 0.826477
1 0.459141 0.317850 0.468549 0.317136 0.469607 0.341917 0.460200 0.342631
14 0.506162 0.128540 0.525666 0.148045 0.518761 0.160320 0.499257 0.140816
1 0.444195 0.309723 0.451475 0.317519 0.441606 0.333901 0.434326 0.326104
1 0.389693 0.389866 0.395625 0.399479 0.383456 0.412830 0.377523 0.403216
14 0.326103 0.416721 0.332382 0.426897 0.314706 0.446288 0.308427 0.436112
14 0.202357 0.544453 0.208636 0.554629 0.190960 0.574020 0.184681 0.563844
14 0.168264 0.583130 0.173943 0.593914 0.155210 0.611452 0.149531 0.600668
14 0.259332 0.486471 0.265611 0.496647 0.247935 0.516038 0.241656 0.505862
6 0.165716 0.624774 0.196448 0.591670 0.204604 0.605131 0.173872 0.638235
18 0.108974 0.641364 0.132127 0.615439 0.140563 0.628834 0.117410 0.654759
18 0.076354 0.665596 0.098726 0.650559 0.105397 0.668206 0.083026 0.683243
14 0.229371 0.517516 0.235650 0.527691 0.217974 0.547082 0.211695 0.536907
14 0.412511 0.046869 0.421444 0.045105 0.424535 0.072920 0.415602 0.074685
16 0.414400 -0.003022 0.424408 -0.005113 0.426898 0.016079 0.416890 0.018170
