15 0.503200 0.199201 0.506163 0.158594 0.521018 0.160521 0.518055 0.201128
1 0.488285 0.237937 0.500927 0.219413 0.506722 0.226445 0.494081 0.244969
15 0.300105 0.203764 0.282234 0.160300 0.296250 0.150056 0.314120 0.193519
1 0.440559 0.291740 0.453705 0.274220 0.459441 0.281871 0.446295 0.299391
1 0.620001 0.824382 0.610924 0.804590 0.617499 0.799229 0.626576 0.819021
14 0.500142 0.525745 0.487753 0.498432 0.496480 0.491394 0.508869 0.518707
14 0.810616 1.000067 0.788084 1.000908 0.787750 0.985019 0.810282 0.984177
14 0.524469 0.580743 0.512079 0.553430 0.520806 0.546392 0.533196 0.573705
14 0.541567 0.621744 0.529178 0.594431 0.537905 0.587393 0.550294 0.614707
14 0.607563 0.766642 0.596029 0.740010 0.603809 0.734020 0.615343 0.760653
1 0.632374 0.967853 0.624214 0.956950 0.637332 0.939496 0.645492 0.950399
1 0.744225 0.955282 0.764572 0.956145 0.764118 0.975156 0.743771 0.974293
1 0.717419 0.961428 0.740191 0.961428 0.740191 0.978831 0.717419 0.978831
12 0.572417 0.991027 0.607750 0.979439 0.611782 1.001299 0.576449 1.012887
