12 0.527321 0.057017 0.538254 0.057017 0.538254 0.091604 0.527321 0.091604
1 0.557719 0.253034 0.565333 0.253700 0.564415 0.272352 0.556801 0.271686
1 0.535440 0.033114 0.543019 0.031938 0.544639 0.050505 0.537060 0.051681
14 0.533757 0.140123 0.544690 0.141905 0.542808 0.162431 0.531875 0.160649
1 0.535440 0.033114 0.543019 0.031938 0.544639 0.050505 0.537060 0.051681
14 0.529472 0.214075 0.536741 0.213707 0.537297 0.233274 0.530029 0.233642
14 0.536600 0.250472 0.547146 0.249002 0.549135 0.274370 0.538589 0.275840
1 0.549133 0.272125 0.557123 0.272825 0.556044 0.294731 0.548054 0.294031
1 0.544794 0.366721 0.553204 0.366509 0.553492 0.386720 0.545081 0.386933
1 0.546275 0.418942 0.554264 0.418162 0.555405 0.438940 0.547416 0.439720
1 0.570349 0.609856 0.562106 0.609962 0.561922 0.584696 0.570165 0.584590
1 0.569772 0.893919 0.559626 0.894050 0.559420 0.865715 0.569566 0.865584
15 0.540448 0.848884 0.554647 0.848884 0.554647 0.897606 0.540448 0.897606
18 0.532643 0.094705 0.541694 0.094705 0.541694 0.113744 0.532643 0.113744
1 0.710282 0.091365 0.716907 0.092970 0.714750 0.108793 0.708125 0.107187
1 0.724847 0.150735 0.717053 0.148486 0.720562 0.126869 0.728357 0.129119
1 0.541500 0.961652 0.549645 0.961652 0.549645 0.987413 0.541500 0.987413
