5 0.530878 0.716009 0.525243 0.717042 0.523245 0.697672 0.528881 0.696639
1 0.521898 0.415571 0.515218 0.417023 0.511970 0.390459 0.518650 0.389007
5 0.491481 0.293584 0.484102 0.280495 0.488728 0.275860 0.496106 0.288949
5 0.491301 0.180655 0.486390 0.181366 0.484943 0.163602 0.489855 0.162891
15 0.473370 0.191866 0.483731 0.190719 0.485694 0.222248 0.475333 0.223395
20 0.499650 0.222043 0.488112 0.223724 0.484808 0.183401 0.496345 0.181720
1 0.490048 0.133920 0.484094 0.135083 0.481765 0.113885 0.487718 0.112722
1 0.492797 0.156485 0.487224 0.157327 0.485295 0.134630 0.490868 0.133787
14 0.503445 0.148232 0.495927 0.149368 0.494410 0.131519 0.501927 0.130383
12 0.523790 0.329359 0.512199 0.334496 0.502617 0.296067 0.514208 0.290929
1 0.484643 0.302573 0.491420 0.299966 0.494932 0.316197 0.488155 0.318803
16 0.460010 0.044404 0.467944 0.043791 0.468787 0.063197 0.460853 0.063809
1 0.470732 0.023103 0.477324 0.020998 0.480239 0.037230 0.473647 0.039334
5 0.490873 0.046833 0.487077 0.047576 0.485371 0.032091 0.489168 0.031348
14 0.513101 0.029950 0.514734 0.043818 0.498570 0.047202 0.496937 0.033333
5 0.489773 0.065146 0.488183 0.055155 0.498378 0.052269 0.499968 0.062261
1 0.504512 0.049012 0.498904 0.058272 0.488087 0.046625 0.493695 0.037365
1 0.543331 0.609053 0.536598 0.609973 0.534541 0.583198 0.541274 0.582279
1 0.564014 0.632758 0.557415 0.634764 0.552929 0.608522 0.559527 0.606516
1 0.553102 0.777823 0.544780 0.778328 0.543809 0.749915 0.552130 0.749409
1 0.534649 0.920774 0.542497 0.919618 0.544802 0.947430 0.536953 0.948586
5 0.559812 0.938483 0.564889 0.937545 0.567186 0.959644 0.562109 0.960582
1 0.090767 0.484998 0.083378 0.492469 0.071469 0.471530 0.078858 0.464060
14 0.373832 0.303808 0.378951 0.316365 0.361581 0.328953 0.356463 0.316396
14 0.354757 0.319210 0.359224 0.330167 0.343779 0.341360 0.339312 0.330403
14 0.340738 0.331386 0.344738 0.341198 0.328701 0.352821 0.324701 0.343009
14 0.312294 0.354143 0.316878 0.365385 0.300919 0.376951 0.296336 0.365708
14 0.274932 0.395089 0.271330 0.386022 0.287783 0.374400 0.291386 0.383466
