5 0.479482 0.725423 0.479243 0.708054 0.485102 0.707911 0.485340 0.725280
5 0.478070 0.699235 0.476924 0.677152 0.484430 0.676460 0.485576 0.698542
15 0.419744 0.225758 0.431478 0.224497 0.433484 0.257698 0.421751 0.258959
0 0.453044 0.632947 0.451915 0.610841 0.459977 0.610109 0.461106 0.632215
14 0.422550 0.735922 0.429340 0.746867 0.413752 0.764058 0.406962 0.753113
15 0.408948 0.019812 0.417985 0.019404 0.418617 0.044342 0.409580 0.044750
15 0.426565 0.070182 0.436250 0.068854 0.438464 0.097543 0.428779 0.098871
15 0.422900 0.042878 0.429544 0.041966 0.430897 0.059508 0.424254 0.060419
15 0.416829 0.000627 0.422781 -0.001020 0.425314 0.015254 0.419363 0.016901
5 0.424720 0.017340 0.428533 0.016855 0.429479 0.030085 0.425665 0.030569
15 0.428905 -0.002759 0.437756 -0.006614 0.442977 0.014694 0.434126 0.018549
5 0.412588 0.070518 0.412965 0.064122 0.423349 0.065212 0.422972 0.071608
1 0.409108 0.050440 0.415068 0.045677 0.419431 0.055380 0.413471 0.060144
1 0.421143 0.173798 0.428098 0.172576 0.429727 0.189064 0.422772 0.190286
1 0.418579 0.157944 0.424278 0.156301 0.426962 0.172844 0.421263 0.174487
14 0.424132 0.155167 0.416256 0.155900 0.415222 0.136150 0.423099 0.135417
14 0.426660 0.342054 0.435850 0.341733 0.436354 0.367377 0.427164 0.367698
16 0.433187 0.439095 0.443104 0.438056 0.444390 0.459881 0.434473 0.460919
5 0.455717 0.424232 0.461231 0.423189 0.462969 0.439524 0.457455 0.440567
15 0.422900 0.042878 0.429544 0.041966 0.430897 0.059508 0.424254 0.060419
15 0.422900 0.042878 0.429544 0.041966 0.430897 0.059508 0.424254 0.060419
15 0.422900 0.042878 0.429544 0.041966 0.430897 0.059508 0.424254 0.060419
15 0.422900 0.042878 0.429544 0.041966 0.430897 0.059508 0.424254 0.060419
15 0.422900 0.042878 0.429544 0.041966 0.430897 0.059508 0.424254 0.060419
15 0.422900 0.042878 0.429544 0.041966 0.430897 0.059508 0.424254 0.060419
5 0.468537 0.441434 0.469473 0.434114 0.481671 0.436888 0.480735 0.444208
14 0.427139 0.463617 0.436842 0.461723 0.439218 0.483359 0.429515 0.485254
14 0.428233 0.486578 0.437956 0.484400 0.440803 0.507002 0.431079 0.509179
16 0.452250 0.495961 0.463238 0.498836 0.459738 0.522616 0.448751 0.519741
14 0.529984 0.576844 0.523852 0.585761 0.507124 0.565308 0.513256 0.556391
14 0.458567 0.713202 0.468154 0.711848 0.470125 0.736638 0.460538 0.737993
1 0.478027 0.758469 0.468832 0.756745 0.471711 0.729448 0.480906 0.731172
12 0.521988 0.863517 0.507895 0.870221 0.493734 0.817298 0.507828 0.810594
1 0.503265 0.897361 0.494593 0.900422 0.488623 0.870363 0.497295 0.867301
20 0.331203 0.891520 0.319877 0.876150 0.352735 0.833105 0.364061 0.848475
1 0.348023 0.823151 0.353694 0.833001 0.335912 0.851204 0.330240 0.841354
14 0.327434 0.831929 0.333325 0.843281 0.311998 0.862958 0.306106 0.851605
5 0.455717 0.424232 0.461231 0.423189 0.462969 0.439524 0.457455 0.440567
14 0.248828 0.909678 0.254719 0.921030 0.233392 0.940707 0.227500 0.929354
14 0.215606 0.938532 0.222601 0.952010 0.205852 0.967463 0.198857 0.953985
