1 0.582070 0.434961 0.581791 0.444009 0.566374 0.443164 0.566653 0.434116
17 0.064068 0.011979 0.073483 0.000613 0.095614 0.033201 0.086199 0.044567
5 0.934878 0.807524 0.926664 0.806644 0.927796 0.787868 0.936011 0.788749
15 0.280395 0.405702 0.288106 0.392433 0.310750 0.415826 0.303040 0.429095
12 0.514416 0.930168 0.502595 0.936224 0.492122 0.899878 0.503943 0.893823
14 0.531493 0.984854 0.523134 0.989136 0.515122 0.961333 0.523481 0.957051
1 0.202249 0.265835 0.209600 0.257897 0.219020 0.273406 0.211668 0.281344
1 0.318398 0.467406 0.325749 0.459469 0.335169 0.474978 0.327817 0.482915
1 0.342630 0.433420 0.350726 0.435993 0.346080 0.461985 0.337984 0.459412
1 0.389812 0.438644 0.390504 0.430565 0.405232 0.432809 0.404539 0.440888
1 0.469014 0.425383 0.468716 0.433543 0.452461 0.432486 0.452760 0.424325
1 0.605844 0.455720 0.606194 0.446408 0.626239 0.447747 0.625889 0.457059
1 0.826064 0.449608 0.825156 0.459068 0.807652 0.456083 0.808559 0.446622
1 0.792173 0.467412 0.793526 0.458047 0.810855 0.462498 0.809501 0.471864
1 0.847775 0.456542 0.846157 0.465832 0.828967 0.460510 0.830585 0.451219
1 0.880368 0.463576 0.879880 0.472470 0.863301 0.470852 0.863789 0.461957
1 0.971408 0.493128 0.964360 0.497427 0.957635 0.477828 0.964683 0.473529
14 0.551750 0.414964 0.551482 0.425854 0.537166 0.425228 0.537434 0.414339
14 0.467248 0.418493 0.467271 0.407598 0.481594 0.407651 0.481572 0.418546
