15 0.545312 0.615182 0.557433 0.615182 0.557433 0.658598 0.545312 0.658598
1 0.570885 0.491232 0.563530 0.491124 0.563726 0.467334 0.571081 0.467442
1 0.574092 0.385239 0.565787 0.384807 0.566613 0.356574 0.574918 0.357005
1 0.555155 0.364634 0.563069 0.364796 0.562819 0.386428 0.554905 0.386265
1 0.554425 0.305191 0.562075 0.305191 0.562075 0.327402 0.554425 0.327402
1 0.556550 0.203701 0.565194 0.203189 0.565833 0.222362 0.557189 0.222875
1 0.565951 0.116528 0.558618 0.117107 0.557327 0.088047 0.564659 0.087468
14 0.544167 0.070073 0.554852 0.068708 0.557313 0.102960 0.546628 0.104325
1 0.563940 0.000899 0.572590 0.001158 0.572267 0.020346 0.563617 0.020087
16 0.581977 0.821471 0.572004 0.822099 0.571090 0.796279 0.581062 0.795651
