15 0.484757 0.159336 0.475581 0.143272 0.498837 0.119657 0.508013 0.135721
1 0.515537 0.032372 0.507490 0.012196 0.515192 0.006734 0.523239 0.026910
1 0.653479 0.780129 0.647350 0.754080 0.656676 0.750180 0.662804 0.776229
5 0.779648 0.848725 0.779711 0.839969 0.794831 0.840164 0.794768 0.848920
1 0.439673 0.205802 0.445344 0.186157 0.452384 0.189770 0.446713 0.209416
1 0.891271 0.881636 0.896815 0.872397 0.916900 0.893823 0.911356 0.903062
15 0.322888 0.078524 0.307006 0.035541 0.319299 0.027465 0.335182 0.070449
14 0.595415 0.581676 0.585219 0.559515 0.593126 0.553047 0.603323 0.575207
8 0.000120 0.867217 0.000000 0.852318 0.008661 0.848061 0.011733 0.862959
14 0.505503 0.373023 0.515064 0.366451 0.525419 0.393237 0.515858 0.399808
14 0.529406 0.424242 0.538968 0.418354 0.549997 0.450197 0.540434 0.456085
14 0.202357 0.544453 0.208636 0.554629 0.190960 0.574020 0.184681 0.563844
14 0.546056 0.467746 0.555715 0.460894 0.566794 0.488656 0.557136 0.495508
1 0.545553 0.499896 0.537255 0.505626 0.528999 0.484371 0.537298 0.478641
14 0.610028 0.617442 0.618769 0.611429 0.630113 0.640750 0.621373 0.646763
12 0.582532 0.869606 0.620272 0.857725 0.624438 0.881249 0.586697 0.893129
14 0.529406 0.424242 0.538968 0.418354 0.549997 0.450197 0.540434 0.456085
14 0.529406 0.424242 0.538968 0.418354 0.549997 0.450197 0.540434 0.456085
14 0.529406 0.424242 0.538968 0.418354 0.549997 0.450197 0.540434 0.456085
1 0.649425 0.855509 0.629531 0.856252 0.629190 0.840009 0.649084 0.839266
14 0.741493 0.836768 0.718962 0.837609 0.718628 0.821720 0.741159 0.820879
1 0.316439 0.905584 0.297500 0.906292 0.297154 0.889846 0.316093 0.889139
1 0.871260 0.876344 0.876804 0.867104 0.896889 0.888530 0.891345 0.897769
14 0.820120 0.886362 0.797638 0.884198 0.798497 0.868344 0.820979 0.870508
14 0.821243 0.923649 0.805421 0.945147 0.798468 0.936049 0.814289 0.914551
