1 0.559552 0.457450 0.567417 0.458506 0.565660 0.481765 0.557795 0.480709
1 0.562384 0.402982 0.570249 0.404038 0.568492 0.427297 0.560627 0.426241
1 0.581040 0.435836 0.573145 0.435315 0.574012 0.411967 0.581907 0.412488
1 0.573584 0.893806 0.565725 0.892674 0.567609 0.869432 0.575468 0.870565
1 0.581698 0.564373 0.574003 0.565035 0.572760 0.539344 0.580455 0.538682
14 0.533470 0.956986 0.541368 0.957426 0.540636 0.980782 0.532738 0.980342
14 0.533925 0.921728 0.541823 0.922168 0.541091 0.945524 0.533193 0.945084
14 0.533330 0.877243 0.541228 0.877683 0.540496 0.901039 0.532598 0.900599
1 0.565225 0.303717 0.573119 0.304259 0.572219 0.327604 0.564324 0.327063
17 0.548175 0.357674 0.560585 0.358272 0.559335 0.404381 0.546925 0.403783
14 0.660529 0.740753 0.661233 0.754561 0.641836 0.756319 0.641132 0.742510
1 0.752936 0.741582 0.753020 0.731043 0.770552 0.731291 0.770468 0.741830
1 0.908712 0.715487 0.908496 0.726023 0.890970 0.725384 0.891186 0.714848
