1 0.688135 0.516345 0.687956 0.506633 0.710063 0.505909 0.710242 0.515621
14 0.858905 0.475628 0.860490 0.491663 0.839905 0.495282 0.838319 0.479247
1 0.769433 0.487023 0.769422 0.498405 0.751658 0.498374 0.751670 0.486993
15 0.626888 0.474070 0.626537 0.491687 0.590677 0.490414 0.591029 0.472797
1 0.523709 0.505881 0.529916 0.498067 0.542112 0.515287 0.535905 0.523101
16 0.471457 0.526098 0.470844 0.513684 0.491076 0.511907 0.491690 0.524321
1 0.390208 0.493056 0.389957 0.506644 0.369104 0.505957 0.369355 0.492370
1 0.354509 0.495010 0.355617 0.507312 0.335663 0.510505 0.334555 0.498203
14 0.239102 0.469905 0.238935 0.480341 0.221579 0.479848 0.221745 0.469412
14 0.206414 0.470965 0.206247 0.481401 0.188891 0.480908 0.189058 0.470473
14 0.181184 0.473457 0.181020 0.483711 0.163881 0.483224 0.164045 0.472971
14 0.143870 0.475138 0.143706 0.485392 0.126567 0.484905 0.126731 0.474652
14 0.102744 0.476651 0.102577 0.487139 0.086665 0.486687 0.086832 0.476199
14 0.059374 0.479519 0.059189 0.491079 0.041549 0.490578 0.041734 0.479018
14 0.039110 0.479334 0.038906 0.492138 0.026990 0.491800 0.027194 0.478996
14 0.341102 0.570259 0.331335 0.572434 0.327999 0.545803 0.337766 0.543628
1 0.332609 0.654205 0.342074 0.652025 0.344846 0.673430 0.335381 0.675610
1 0.363230 0.748565 0.353638 0.749235 0.352786 0.727543 0.362378 0.726873
1 0.379899 0.945243 0.370307 0.945913 0.369456 0.924221 0.379047 0.923551
