1 0.295116 0.166572 0.300983 0.157382 0.313622 0.171727 0.307756 0.180917
14 0.367323 0.268382 0.373826 0.259988 0.385371 0.275888 0.378868 0.284283
1 0.387162 0.297475 0.380294 0.305951 0.367178 0.287058 0.374046 0.278581
1 0.448064 0.343870 0.441195 0.352347 0.428080 0.333453 0.434948 0.324977
19 0.419219 0.292452 0.416035 0.296381 0.408804 0.285964 0.411987 0.282035
12 0.447987 0.396259 0.439329 0.405654 0.421262 0.376056 0.429919 0.366661
1 0.448903 0.382722 0.455642 0.374665 0.466723 0.391141 0.459985 0.399198
12 0.469745 0.451075 0.478326 0.442964 0.495216 0.474732 0.486634 0.482843
1 0.545195 0.662580 0.535646 0.662924 0.535149 0.638399 0.544698 0.638055
1 0.542777 0.736319 0.534769 0.736312 0.534780 0.714883 0.542787 0.714890
1 0.525856 0.736296 0.533860 0.736608 0.533390 0.758028 0.525386 0.757716
14 0.529372 0.871960 0.540806 0.873094 0.539198 0.901899 0.527765 0.900765
14 0.454888 0.427755 0.462026 0.420363 0.470563 0.435020 0.463426 0.442411
18 0.514974 0.920395 0.523501 0.920395 0.523501 0.947459 0.514974 0.947459
